266	
Nb EXAFS (no background)	
1.75	-0.299488338
1.8	-0.265195015
1.85	-0.230880874
1.9	-0.191712523
1.95	-0.147344905
2	-0.097707899
2.05	-0.046216185
2.1	-0.00370814799999999
2.15	0.027917369
2.2	0.050027044
2.25	0.067385027
2.3	0.088314623
2.35	0.1199401685
2.4	0.157356267
2.45	0.203308498
2.5	0.249456036
2.55	0.288545308
2.6	0.323779491
2.65	0.352802109
2.7	0.37368572
2.75	0.36720569
2.8	0.332414314
2.85	0.274349879
2.9	0.199098451
2.95	0.134666213
3	0.083261796
3.05	0.0386297057
3.1	0.007023792
3.15	-0.009539237
3.2	-0.01582518
3.25	-0.018273887
3.3	-0.021836117
3.35	-0.030244163
3.4	-0.046349911
3.45	-0.067672651
3.5	-0.090605744
3.55	-0.112149746
3.6	-0.130960941
3.65	-0.143494716
3.7	-0.147505327
3.75	-0.143953331
3.8	-0.1330719341
3.85	-0.1195199729
3.9	-0.1053721338
3.95	-0.0957115374
4	-0.08983802219
4.05	-0.0842675666
4.1	-0.0742883533
4.15	-0.0602560255
4.2	-0.044049661
4.25	-0.0283509401
4.3	-0.0168513183
4.35	-0.0111400268
4.4	-0.0098923722
4.45	-0.0099890554
4.5	-0.0068216739
4.55	6.512784E-4
4.6	0.0122991804
4.65	0.0230617983
4.7	0.030390431
4.75	0.0353280591
4.8	0.0418075491
4.85	0.0526012165
4.9	0.0669061587
4.95	0.0862600044
5	0.104772266
5.05	0.113710692
5.1	0.1078089799
5.15	0.0882082033
5.2	0.0644231595
5.25	0.0407416812
5.3	0.0192177318
5.35	0.0061471758
5.4	-0.0016836393
5.45	-0.0020061788
5.5	9.454852E-4
5.55	0.0028188814
5.6	-4.995852E-4
5.65	-0.0117639543
5.7	-0.0243457826
5.75	-0.0349743279
5.8	-0.0432486484
5.85	-0.0463023022
5.9	-0.04491464431
5.95	-0.04070537555
6	-0.03417950567
6.05	-0.026862473461
6.1	-0.0210900417
6.15	-0.01828036418
6.2	-0.01799095869
6.25	-0.01911359799
6.3	-0.0214224369
6.35	-0.0239822622
6.4	-0.0242808506
6.45	-0.020584358
6.5	-0.0135594361
6.55	-0.0054342564
6.6	0.0036743891
6.65	0.0117416415
6.7	0.0189464615
6.75	0.025978901
6.8	0.031871412
6.85	0.0339342468
6.9	0.0285369166
6.95	0.0196148397
7	0.0127154701
7.05	0.0075790423
7.1	0.0040276704
7.15	0.00212894673
7.2	0.0037778127
7.25	0.0074179147
7.3	0.009855201
7.35	0.0095225874
7.4	0.0078788485
7.45	0.0067024263
7.5	0.0063000769
7.55	0.0058866893
7.6	0.0040017599
7.65	0.00142257091
7.7	1.6455206E-4
7.75	8.0341681E-4
7.8	0.0011171536
7.85	-2.3157238E-4
7.9	-0.00301878133
7.95	-0.00644011536
8	-0.00882847485
8.05	-0.0097798706
8.1	-0.01126997228
8.15	-0.01604855657
8.2	-0.02317227201
8.25	-0.028620521915
8.3	-0.03000778947
8.35	-0.026370253569
8.4	-0.01995388411
8.45	-0.012748199
8.5	-0.00390736222
8.55	0.00509924231
8.6	0.0118772603
8.65	0.01663063305
8.7	0.01947337695
8.75	0.02040908412
8.8	0.01855997965
8.85	0.01446518765
8.9	0.0103261182
8.95	0.00764121412
9	0.0070378236
9.05	0.00315286155
9.1	0.00176079366
9.15	9.7536924E-4
9.2	-3.8800777E-4
9.25	-0.00118049481
9.3	-0.00183885574
9.35	-0.00255477849
9.4	-0.00270870308
9.45	-0.0017924075
9.5	-8.6319798E-4
9.55	-7.3283056E-4
9.6	-0.00100839474
9.65	-7.866647E-4
9.7	8.1826847E-4
9.75	0.00466586858
9.8	0.00980158306
9.85	0.01274173742
9.9	0.01214276235
9.95	0.00896409165
10	0.00336439534
10.05	-0.00409247881
10.1	-0.01131033617
10.15	-0.01588848886
10.2	-0.01753978537
10.25	-0.0169781406
10.3	-0.01518706545
10.35	-0.01322024382
10.4	-0.01044520961
10.45	-0.00609224072
10.5	-0.00138480935
10.55	0.0019439251
10.6	0.00430008344
10.65	0.005769427411
10.7	0.007605920995
10.75	0.008727953148
10.8	0.008846573433
10.85	0.007614879313
10.9	0.007358351449
10.95	0.005492723503
11	0.005686866138
11.05	0.00476742722
11.1	0.0033768908
11.15	0.00216345685
11.2	6.7423103E-4
11.25	-0.001924945
11.3	-0.00450392287
11.35	-0.00614638522
11.4	-0.006810762
11.45	-0.00601473734
11.5	-0.00367316397
11.55	-5.34652E-4
11.6	0.00267101072
11.65	0.00556887907
11.7	0.00685417057
11.75	0.00569554929
11.8	0.00239729418
11.85	-8.2167579E-4
11.9	-0.00149548176
11.95	-0.00111543416
12	-1.0708469E-4
12.05	1.8266346E-4
12.1	-0.00160672377
12.15	-0.0038847643
12.2	-0.00539092155
12.25	-0.00526407337
12.3	-0.00429441479
12.35	-0.00272417335
12.4	-0.00157680358
12.45	-8.140766E-5
12.5	6.3024949E-4
12.55	3.3383796E-4
12.6	1.441601177E-4
12.65	-8.312797E-5
12.7	2.84872817E-4
12.75	6.5242441E-4
12.8	0.001880815364
12.85	0.003418607942
12.9	0.004575777866
12.95	0.00547629261
13	0.00434887426
13.05	0.00230138991
13.1	6.3755463E-4
13.15	-9.410966E-5
13.2	-7.2408746E-4
13.25	-5.9987544E-4
13.3	5.968945E-4
13.35	-1.2869887E-4
13.4	-0.00110515775
13.45	-0.00126846527
13.5	-0.00166308696
13.55	-0.00170477794
13.6	-0.00120047547
13.65	-8.7310138E-4
13.7	-3.5130358E-4
13.75	-9.752451E-5
13.8	-6.65767568E-4
13.85	-0.00175558576
13.9	-0.00208752791
13.95	-0.00203484056
14	-0.00150703511
14.05	-5.246768E-4
14.1	5.3344521E-4
14.15	9.0590661E-4
14.2	4.92389834E-4
14.25	-1.438402E-4
14.3	-6.8730455E-4
14.35	-0.00112355903
14.4	-0.00107197656
14.45	-4.3315184E-4
14.5	7.19777E-5
14.55	8.5791555E-4
14.6	0.00211922149
14.65	0.00187348831
14.7	0.00253828514
14.75	0.0038655654
14.8	0.00380902866
14.85	0.0045884155
14.9	0.0053272625
14.95	0.0060707748
15	0.0061913243
