2000
NPDF_SNAO_NO_ripples
0.01	43.1412903
0.02	42.33135803
0.03	41.0035098866667
0.04	39.20733356
0.05	36.99241674
0.06	34.43038609
0.07	31.5991651228571
0.08	28.57903867
0.09	25.4513410377778
0.1	22.301237116
0.11	19.2099705745455
0.12	16.2454782183333
0.13	13.4649650538462
0.14	10.9234597114286
0.15	8.65250093066667
0.16	6.67574276625
0.17	5.00155053647059
0.18	3.62724769444444
0.19	2.53680182526316
0.2	1.705816536
0.21	1.10509709142857
0.22	0.695730317272727
0.23	0.439821250434783
0.24	0.300281011666667
0.25	0.2393432504
0.26	0.223780344615385
0.27	0.22651167037037
0.28	0.225505923571429
0.29	0.204050494482759
0.3	0.155374762
0.31	0.074648135483871
0.32	-0.036157690625
0.33	-0.169299386060606
0.34	-0.318916908235294
0.35	-0.472263714285714
0.36	-0.618927834444444
0.37	-0.750516389189189
0.38	-0.856910081578947
0.39	-0.934113408205128
0.4	-0.978530416
0.41	-0.988528584390244
0.42	-0.967353508095238
0.43	-0.920255270232558
0.44	-0.852006673636364
0.45	-0.770629434222222
0.46	-0.683447727391304
0.47	-0.597865765957447
0.48	-0.519982027083333
0.49	-0.454722490612245
0.5	-0.4059578888
0.51	-0.375310751764706
0.52	-0.361735841153846
0.53	-0.364266804528302
0.54	-0.379560096296296
0.55	-0.403914274909091
0.56	-0.433301957857143
0.57	-0.463978385964912
0.58	-0.490747138965517
0.59	-0.511565660677966
0.6	-0.524527565333333
0.61	-0.527851476065574
0.62	-0.522003747419355
0.63	-0.507421124126984
0.64	-0.48554613125
0.65	-0.459258298153846
0.66	-0.430761751515152
0.67	-0.402622438208955
0.68	-0.377255367058824
0.69	-0.355977330144928
0.7	-0.340502138
0.71	-0.331050212112676
0.72	-0.328748018888889
0.73	-0.331943166849315
0.74	-0.340859526756757
0.75	-0.3530643528
0.76	-0.367992857368421
0.77	-0.383821600519481
0.78	-0.399244478461538
0.79	-0.413439980759494
0.8	-0.424801211
0.81	-0.433433142222222
0.82	-0.439032474878049
0.83	-0.44131052626506
0.84	-0.441173019761905
0.85	-0.438316287294118
0.86	-0.434372788372093
0.87	-0.429000015402299
0.88	-0.422998022272727
0.89	-0.417130905393258
0.9	-0.411761485111111
0.91	-0.406873353846154
0.92	-0.402810148478261
0.93	-0.399900725806452
0.94	-0.397756577234043
0.95	-0.39670152
0.96	-0.396357161041667
0.97	-0.397042328865979
0.98	-0.398725507346939
0.99	-0.40104252989899
1	-0.4039743812
1.01	-0.407502799009901
1.02	-0.411610237254902
1.03	-0.415958875339806
1.04	-0.420223885769231
1.05	-0.424092815428571
1.06	-0.427888746415094
1.07	-0.430377895140187
1.08	-0.431902657962963
1.09	-0.432489577614679
1.1	-0.431262637272727
1.11	-0.428866508108108
1.12	-0.425037342857143
1.13	-0.419813186725664
1.14	-0.413810722982456
1.15	-0.407337720173913
1.16	-0.400691334137931
1.17	-0.394158561538462
1.18	-0.388016670338983
1.19	-0.382533608571429
1.2	-0.378243879833333
1.21	-0.374844686942149
1.22	-0.37231413147541
1.23	-0.370899795121951
1.24	-0.370041471612903
1.25	-0.36972581664
1.26	-0.369677540793651
1.27	-0.369890328031496
1.28	-0.36984152125
1.29	-0.369793471162791
1.3	-0.369746160307692
1.31	-0.369447217099237
1.32	-0.369403246212121
1.33	-0.369608496390977
1.34	-0.370057388059701
1.35	-0.370744506962963
1.36	-0.371907675
1.37	-0.373536467737226
1.38	-0.375141654782609
1.39	-0.376485914964029
1.4	-0.377338707714286
1.41	-0.377241575460993
1.42	-0.375981780985916
1.43	-0.37312135972028
1.44	-0.368464085416667
1.45	-0.362275123724138
1.46	-0.354585947671233
1.47	-0.345652061360544
1.48	-0.336168799324324
1.49	-0.326812829395973
1.5	-0.318242774933333
1.51	-0.311099812317881
1.52	-0.306225734736842
1.53	-0.304008190980392
1.54	-0.304610095714286
1.55	-0.308190159354839
1.56	-0.314267283205128
1.57	-0.322372625859873
1.58	-0.331630753797468
1.59	-0.341396171823899
1.6	-0.350419676
1.61	-0.357688430559006
1.62	-0.362622737160494
1.63	-0.364657123190184
1.64	-0.36344148402439
1.65	-0.359034911030303
1.66	-0.352291661084337
1.67	-0.343649620119761
1.68	-0.334126577857143
1.69	-0.324911846508876
1.7	-0.316972292941177
1.71	-0.311445491578947
1.72	-0.308673760232558
1.73	-0.308991501849711
1.74	-0.311965467356322
1.75	-0.316983405028571
1.76	-0.322132152840909
1.77	-0.325915325988701
1.78	-0.326127279550562
1.79	-0.320426972625698
1.8	-0.306341729333333
1.81	-0.282001448839779
1.82	-0.245758771318681
1.83	-0.196724934098361
1.84	-0.134749157608696
1.85	-0.0607560886486487
1.86	0.0236385762365591
1.87	0.11614656802139
1.88	0.213297404148936
1.89	0.311344226455026
1.9	0.40609708231579
1.91	0.493626847748691
1.92	0.5697418965625
1.93	0.63102262507772
1.94	0.674801554639175
1.95	0.699144046358974
1.96	0.702998271836735
1.97	0.686508425685279
1.98	0.650650599090909
1.99	0.597544123718593
2	0.5297618215
2.01	0.450812133631841
2.02	0.364134027227723
2.03	0.273424405615764
2.04	0.18214563254902
2.05	0.0936925134634146
2.06	0.0107520233980583
2.07	-0.0645198929468599
2.08	-0.130644490961538
2.09	-0.186804025167464
2.1	-0.232983432380952
2.11	-0.26932461014218
2.12	-0.296746459339623
2.13	-0.316150624507042
2.14	-0.329194290934579
2.15	-0.33688877144186
2.16	-0.340685796111111
2.17	-0.341857991889401
2.18	-0.341351346146789
2.19	-0.339943616073059
2.2	-0.338097886363636
2.21	-0.336268860090498
2.22	-0.334754135495495
2.23	-0.333549484304933
2.24	-0.332503171339286
2.25	-0.331760011911111
2.26	-0.331023429115044
2.27	-0.330293336035242
2.28	-0.329714640526316
2.29	-0.328996639039301
2.3	-0.328284881043478
2.31	-0.327579285454546
2.32	-0.327022265948276
2.33	-0.326470027725322
2.34	-0.326063784957265
2.35	-0.32580167387234
2.36	-0.325681862288136
2.37	-0.325563061772152
2.38	-0.325445259579832
2.39	-0.325328443179916
2.4	-0.324937113083333
2.41	-0.324274686473029
2.42	-0.323071313636364
2.43	-0.321197629876543
2.44	-0.318526391229508
2.45	-0.31439270122449
2.46	-0.308680010650407
2.47	-0.300872137975709
2.48	-0.290194626693548
2.49	-0.276283756064257
2.5	-0.25825268952
2.51	-0.235492137370518
2.52	-0.207140112460317
2.53	-0.172609587588933
2.54	-0.13132278007874
2.55	-0.0828406115294118
2.56	-0.02711826796875
2.57	0.0358883670817121
2.58	0.10609459255814
2.59	0.182651182471042
2.6	0.264849123769231
2.61	0.351610287203065
2.62	0.441494471526718
2.63	0.533209077262357
2.64	0.624980204015151
2.65	0.715185476150943
2.66	0.802226914661654
2.67	0.884282851385768
2.68	0.959805512164179
2.69	1.02763881977695
2.7	1.08627650785185
2.71	1.1347224904797
2.72	1.17211686852941
2.73	1.19785452864469
2.74	1.21133919124088
2.75	1.21246410021818
2.76	1.20112404666667
2.77	1.17757337480144
2.78	1.14218168453237
2.79	1.09566874415771
2.8	1.0388621055
2.81	0.972695186049822
2.82	0.898557077659575
2.83	0.817934052720848
2.84	0.732524256267606
2.85	0.643886005122807
2.86	0.554018177552448
2.87	0.464546234076655
2.88	0.377187845694444
2.89	0.293636909411765
2.9	0.215221974068966
2.91	0.143026120756014
2.92	0.0778911660273973
2.93	0.0200832965187713
2.94	-0.030247366462585
2.95	-0.0734009874576271
2.96	-0.10967367472973
2.97	-0.140136704175084
2.98	-0.165625103288591
2.99	-0.187073292040134
3	-0.205403231466667
3.01	-0.221744288172758
3.02	-0.23677300986755
3.03	-0.250938805280528
3.04	-0.264576424934211
3.05	-0.278016229180328
3.06	-0.291044089019608
3.07	-0.303340983127036
3.08	-0.314484700649351
3.09	-0.324272466860841
3.1	-0.331970922516129
3.11	-0.337493924437299
3.12	-0.340332607435897
3.13	-0.34040708172524
3.14	-0.33763847522293
3.15	-0.332158812380952
3.16	-0.324203061835443
3.17	-0.314107512681388
3.18	-0.301996309119497
3.19	-0.288302933291536
3.2	-0.2730422180625
3.21	-0.256537769034268
3.22	-0.238698507763975
3.23	-0.219536831888545
3.24	-0.198962953703704
3.25	-0.176583035569231
3.26	-0.152616510122699
3.27	-0.126673548562691
3.28	-0.09917538
3.29	-0.0701361856534954
3.3	-0.0400708606060606
3.31	-0.00978770114803625
3.32	0.0198151612650602
3.33	0.0478503835435435
3.34	0.0728473849101796
3.35	0.0939452355820895
3.36	0.109801313571429
3.37	0.119383222017804
3.38	0.122159812248521
3.39	0.117703720412979
3.4	0.105787072
3.41	0.0867663392961877
3.42	0.0614771361403509
3.43	0.0308417119533528
3.44	-0.00384400697674419
3.45	-0.0411074763478261
3.46	-0.0793976308092486
3.47	-0.117181284726225
3.48	-0.153132866436782
3.49	-0.185941997077364
3.5	-0.21487999
3.51	-0.23941482997151
3.52	-0.259208379545455
3.53	-0.274394583002833
3.54	-0.285479413050847
3.55	-0.292963141295775
3.56	-0.297619000842697
3.57	-0.300118960392157
3.58	-0.301219822681564
3.59	-0.30166995810585
3.6	-0.301750276555556
3.61	-0.30173857534626
3.62	-0.301635617071823
3.63	-0.301351085785124
3.64	-0.300523198186813
3.65	-0.298612993479452
3.66	-0.295268048469945
3.67	-0.289869548446867
3.68	-0.28207490326087
3.69	-0.271545236476965
3.7	-0.258034682378378
3.71	-0.241656451536388
3.72	-0.222433670376344
3.73	-0.200832360214477
3.74	-0.177048383368984
3.75	-0.151716292426667
3.76	-0.125375967978723
3.77	-0.098386185994695
3.78	-0.0714517508465608
3.79	-0.044746675408971
3.8	-0.0188781205789474
3.81	0.00598696519685039
3.82	0.0295968411518325
3.83	0.0517023956657963
3.84	0.07205711203125
3.85	0.0905029008831169
3.86	0.10671202373057
3.87	0.120274707183463
3.88	0.131041008969072
3.89	0.138437612699229
3.9	0.142151378
3.91	0.141787819488491
3.92	0.13704080994898
3.93	0.127859692620865
3.94	0.114110420304569
3.95	0.0959950724556962
3.96	0.0737971682828283
3.97	0.0481304530982368
3.98	0.0196855653768844
3.99	-0.0107709268170426
4	-0.04206689035
4.01	-0.0734540844389028
4.02	-0.10386277358209
4.03	-0.132397901836228
4.04	-0.158336930940594
4.05	-0.181127710469136
4.06	-0.200386379458128
4.07	-0.215814074250614
4.08	-0.227519989411765
4.09	-0.235612251589242
4.1	-0.240359193317073
4.11	-0.241946101411192
4.12	-0.240797180728155
4.13	-0.237172438208232
4.14	-0.231249517294686
4.15	-0.223045031325301
4.16	-0.212654901346154
4.17	-0.199777743884892
4.18	-0.184431408421053
4.19	-0.166317980143198
4.2	-0.14514238152381
4.21	-0.1208479095962
4.22	-0.093535074028436
4.23	-0.0632252816548463
4.24	-0.0304855138207547
4.25	0.00427815364705882
4.26	0.0401202437089202
4.27	0.0761041362529274
4.28	0.111224725233645
4.29	0.144255098181818
4.3	0.174056635906977
4.31	0.199501286450116
4.32	0.21977753962963
4.33	0.234157729376443
4.34	0.242073239354839
4.35	0.243416660643678
4.36	0.238233214036697
4.37	0.226870301006865
4.38	0.209974054155251
4.39	0.188260022779043
4.4	0.162587516909091
4.41	0.133957977369615
4.42	0.103363782171946
4.43	0.0717883488036117
4.44	0.0401317791441441
4.45	0.00921179559550562
4.46	-0.0203835795964126
4.47	-0.047923673557047
4.48	-0.0729057108928571
4.49	-0.0948313952783964
4.5	-0.113353786177778
4.51	-0.127982419423503
4.52	-0.138377447610619
4.53	-0.143983093995585
4.54	-0.144539742511013
4.55	-0.13957209156044
4.56	-0.128609008859649
4.57	-0.111472837768053
4.58	-0.0878431131441048
4.59	-0.0577622765141612
4.6	-0.0213442665652174
4.61	0.0211545459869848
4.62	0.0689791243290043
4.63	0.121523755766739
4.64	0.1776892225
4.65	0.236314668903226
4.66	0.296107321974249
4.67	0.355573114732334
4.68	0.413372025470086
4.69	0.468034486993603
4.7	0.518384787659574
4.71	0.563187012823779
4.72	0.601495878135593
4.73	0.632653657336152
4.74	0.656077918185654
4.75	0.671539116926316
4.76	0.678948539831933
4.77	0.678426131949686
4.78	0.670298314476987
4.79	0.654957798329854
4.8	0.633000637208333
4.81	0.604880470810811
4.82	0.571321518257261
4.83	0.532905112960662
4.84	0.490276086528926
4.85	0.44414211414433
4.86	0.39506900345679
4.87	0.34382156036961
4.88	0.290955093647541
4.89	0.237223182290389
4.9	0.183305787387755
4.91	0.129944659470468
4.92	0.0778755185772358
4.93	0.02762694831643
4.94	-0.0200090678947368
4.95	-0.0645808703434343
4.96	-0.105507141491935
4.97	-0.142477306478873
4.98	-0.175316049919679
4.99	-0.203849461763527
5	-0.22823560784
5.01	-0.248565307025948
5.02	-0.265192068565737
5.03	-0.278598035666004
5.04	-0.28919593281746
5.05	-0.29759160229703
5.06	-0.304190098339921
5.07	-0.309458483550296
5.08	-0.313925218582677
5.09	-0.317854819724951
5.1	-0.321380087607843
5.11	-0.324762170645792
5.12	-0.327937340507812
5.13	-0.330906807212476
5.14	-0.33354313922179
5.15	-0.33559151238835
5.16	-0.336927211511628
5.17	-0.337490429168279
5.18	-0.337030361505792
5.19	-0.335489227013487
5.2	-0.332809688653846
5.21	-0.329125205412668
5.22	-0.324378222452107
5.23	-0.318701253001912
5.24	-0.312225798740458
5.25	-0.305019390933333
5.26	-0.29714904730038
5.27	-0.288618547362429
5.28	-0.279431642007576
5.29	-0.269467069035917
5.3	-0.258542106981132
5.31	-0.246413153822976
5.32	-0.232838439135338
5.33	-0.217515983527205
5.34	-0.200207976853933
5.35	-0.180740178504673
5.36	-0.158939648171642
5.37	-0.134757856499069
5.38	-0.108330975799256
5.39	-0.0798555007792208
5.4	-0.0497713481111111
5.41	-0.0185762880591497
5.42	0.0130526022878229
5.43	0.0443823523756906
5.44	0.0745030734558823
5.45	0.102693528036697
5.46	0.127995575897436
5.47	0.149639391151737
5.48	0.166860767080292
5.49	0.179202143825137
5.5	0.186149182945455
5.51	0.187611260290381
5.52	0.183438519891304
5.53	0.17390065124774
5.54	0.159384741263538
5.55	0.140513346198198
5.56	0.117964001151079
5.57	0.0926467792818671
5.58	0.0654652299283154
5.59	0.0374938526654741
5.6	0.00968140614285714
5.61	-0.0170301157575758
5.62	-0.0416466008540925
5.63	-0.0634745919360568
5.64	-0.0817669356382979
5.65	-0.0961913420176991
5.66	-0.106301055123675
5.67	-0.112002295696649
5.68	-0.113318347922535
5.69	-0.110388530755712
5.7	-0.103583174666667
5.71	-0.0933858073204904
5.72	-0.0802765750699301
5.73	-0.0649630470506108
5.74	-0.048090268466899
5.75	-0.0304137832
5.76	-0.0125117088194444
5.77	0.00486996377816291
5.78	0.0211047953979239
5.79	0.0356848661485319
5.8	0.0481057590344828
5.81	0.0580372275387263
5.82	0.0651512948797251
5.83	0.0694057547855918
5.84	0.0706454761643836
5.85	0.0690554497777778
5.86	0.0647629898976109
5.87	0.0580634961839864
5.88	0.0494190243877551
5.89	0.039232365942275
5.9	0.0280716753559322
5.91	0.0165012617597293
5.92	0.00519330537162162
5.93	-0.0052402955143339
5.94	-0.0142474171043771
5.95	-0.0212240869243697
5.96	-0.0256813204362416
5.97	-0.0271887836850921
5.98	-0.0254848663210702
5.99	-0.0203097049749583
6	-0.0116806558666667
6.01	0.000440046056572379
6.02	0.0157055142192691
6.03	0.0338259864344942
6.04	0.0544588869205298
6.05	0.0769360523636364
6.06	0.10070283359736
6.07	0.125099312388797
6.08	0.149415539605263
6.09	0.172891945977011
6.1	0.194936525606557
6.11	0.214852937250409
6.12	0.232057425098039
6.13	0.246023971484502
6.14	0.256391508990228
6.15	0.262908825788618
6.16	0.265272674967532
6.17	0.263449672317666
6.18	0.257513635016181
6.19	0.247591309466882
6.2	0.234021904741935
6.21	0.217089210756844
6.22	0.197287787009646
6.23	0.175268207672552
6.24	0.151570919967949
6.25	0.126891592864
6.26	0.101921450159744
6.27	0.0774527555661882
6.28	0.0541148039490446
6.29	0.0325328882988871
6.3	0.0132758577460317
6.31	-0.00309104459587956
6.32	-0.0163723069303797
6.33	-0.0262692028120063
6.34	-0.032849889274448
6.35	-0.0361300334488189
6.36	-0.0364370761949685
6.37	-0.0342001964521193
6.38	-0.0300013296865204
6.39	-0.0244187685758998
6.4	-0.018182153
6.41	-0.0119649964430577
6.42	-0.00653960190031153
6.43	-0.0024678166096423
6.44	-0.000256665062111801
6.45	-0.000307520558139535
6.46	-0.00291692294117647
6.47	-0.00807300877897991
6.48	-0.0157129717283951
6.49	-0.0256215799383667
6.5	-0.0373814893846154
6.51	-0.0505779203686636
6.52	-0.0645958252147239
6.53	-0.078874549280245
6.54	-0.0928568670030581
6.55	-0.106089897587786
6.56	-0.118073127713415
6.57	-0.128460043196347
6.58	-0.137056958784195
6.59	-0.143721529438543
6.6	-0.148462538545455
6.61	-0.15133872913767
6.62	-0.152558301057402
6.63	-0.152328198039216
6.64	-0.150903904006024
6.65	-0.148589078105263
6.66	-0.145635918378378
6.67	-0.142394236251874
6.68	-0.13896430491018
6.69	-0.135643456950673
6.7	-0.132579226895522
6.71	-0.129869002324888
6.72	-0.127707979404762
6.73	-0.12614283102526
6.74	-0.125318049406528
6.75	-0.12523034402963
6.76	-0.126023152988166
6.77	-0.127741405258493
6.78	-0.130332247168142
6.79	-0.133889197349043
6.8	-0.138310762794118
6.81	-0.143496046637298
6.82	-0.149199325337243
6.83	-0.155273118125915
6.84	-0.161377482368421
6.85	-0.167126199970803
6.86	-0.17213530483965
6.87	-0.176023066491994
6.88	-0.17840997380814
6.89	-0.17891871892598
6.9	-0.177317913710145
6.91	-0.173425350940666
6.92	-0.167203193641619
6.93	-0.158756933448773
6.94	-0.148239088645533
6.95	-0.135943998100719
6.96	-0.122354300229885
6.97	-0.107902434002869
6.98	-0.0931130836103152
6.99	-0.0784133428898426
7	-0.0641806387714286
7.01	-0.0507902445363766
7.02	-0.0384269278632479
7.03	-0.0270392809388336
7.04	-0.0165761880397727
7.05	-0.00670547486524823
7.06	0.00299680090651558
7.07	0.0130924594059406
7.08	0.0240934538983051
7.09	0.0366487299858956
7.1	0.0513104548169014
7.11	0.0685346976652602
7.12	0.0886821047752809
7.13	0.111925837924264
7.14	0.138252887338936
7.15	0.167465373594406
7.16	0.199135667569832
7.17	0.232700205885635
7.18	0.267460437520891
7.19	0.302537784144645
7.2	0.337012633888889
7.21	0.370062178446602
7.22	0.40073080598338
7.23	0.42820536362379
7.24	0.451768512762431
7.25	0.470843666151724
7.26	0.484902948402204
7.27	0.493648750701513
7.28	0.496875919395604
7.29	0.494607164910837
7.3	0.486819787671233
7.31	0.473717330369357
7.32	0.455547385273224
7.33	0.432691494188267
7.34	0.405484080899183
7.35	0.374347704190476
7.36	0.339792459103261
7.37	0.302370527625509
7.38	0.262631098888889
7.39	0.221120389418133
7.4	0.178471010405405
7.41	0.135312158137652
7.42	0.0923587433692722
7.43	0.0500993619919246
7.44	0.00924215010752688
7.45	-0.0296860533422819
7.46	-0.0662941771581769
7.47	-0.100104734297189
7.48	-0.13086377013369
7.49	-0.158406959866489
7.5	-0.182659010986667
7.51	-0.203721109027963
7.52	-0.221737862021277
7.53	-0.236940914501992
7.54	-0.249648370344828
7.55	-0.26017664810596
7.56	-0.268840492169312
7.57	-0.275952983804491
7.58	-0.28178193939314
7.59	-0.286463098050066
7.6	-0.290174982447368
7.61	-0.29287797282523
7.62	-0.294532657401575
7.63	-0.295143157955439
7.64	-0.294497223507853
7.65	-0.292513353908497
7.66	-0.2891104745953
7.67	-0.284294135801825
7.68	-0.278026813984375
7.69	-0.270443136358908
7.7	-0.261762896909091
7.71	-0.252204749312581
7.72	-0.242200323523316
7.73	-0.232050716636481
7.74	-0.222140892067183
7.75	-0.212811170245161
7.76	-0.204400117371134
7.77	-0.197074371583012
7.78	-0.190957222673522
7.79	-0.186001579178434
7.8	-0.182075825846154
7.81	-0.178922036389245
7.82	-0.176199055345269
7.83	-0.173398589042146
7.84	-0.170183602755102
7.85	-0.166008215694268
7.86	-0.160539620636132
7.87	-0.153404696213469
7.88	-0.144400024517767
7.89	-0.133490815665399
7.9	-0.120642455924051
7.91	-0.106113059342604
7.92	-0.0901594363636364
7.93	-0.0732038534174023
7.94	-0.0557080849874055
7.95	-0.0382147481006289
7.96	-0.021139140879397
7.97	-0.00501891299874529
7.98	0.00985954070175439
7.99	0.0231698843554443
8	0.034711383
8.01	0.0445319330087391
8.02	0.0526379718453865
8.03	0.0592417483686177
8.04	0.0645544554726368
8.05	0.0689915686956522
8.06	0.0728434552853598
8.07	0.0764809725154895
8.08	0.0802322277970297
8.09	0.0843828428924598
8.1	0.0891762161728395
8.11	0.094732257755857
8.12	0.10108886229064
8.13	0.10828373798278
8.14	0.116191958304668
8.15	0.124689209865031
8.16	0.133530250196078
8.17	0.142511500758874
8.18	0.151349550977995
8.19	0.159762374456654
8.2	0.167469320536585
8.21	0.174231372009744
8.22	0.179810674768856
8.23	0.183970530741191
8.24	0.18659574934466
8.25	0.187491556775758
8.26	0.186584189491525
8.27	0.183800240725514
8.28	0.179106584009662
8.29	0.172589885259349
8.3	0.164256733783132
8.31	0.154312594873646
8.32	0.142882478557692
8.33	0.130170166626651
8.34	0.116457740383693
8.35	0.101986338874252
8.36	0.0871145782057416
8.37	0.0721598643010753
8.38	0.0573591895465394
8.39	0.0430666230989273
8.4	0.0294771268333333
8.41	0.0168633523662307
8.42	0.00533960874109264
8.43	-0.00494112213523132
8.44	-0.0139832585545024
8.45	-0.0217520754556213
8.46	-0.0283302405437352
8.47	-0.0337610010625738
8.48	-0.0381263842924528
8.49	-0.041546969163722
8.5	-0.0441038748705882
8.51	-0.0458389927144536
8.52	-0.0467940173239437
8.53	-0.0469716922860492
8.54	-0.0463360381967213
8.55	-0.0448125791111111
8.56	-0.0423271871028037
8.57	-0.0388060802333722
8.58	-0.0341758205361305
8.59	-0.0284017968335274
8.6	-0.0215264390697674
8.61	-0.0135535846457607
8.62	-0.00464045668213457
8.63	0.00501814398609502
8.64	0.0151517941666667
8.65	0.025414885433526
8.66	0.035539753187067
8.67	0.0451074488811995
8.68	0.0537771261751152
8.69	0.0612855915535098
8.7	0.0672948651264368
8.71	0.0716582921699196
8.72	0.0743057128440367
8.73	0.0751672887743414
8.74	0.0743626228375286
8.75	0.0720863333485714
8.76	0.0685698879223744
8.77	0.064081393386545
8.78	0.0589630391343964
8.79	0.053593066552901
8.8	0.0481977320227273
8.81	0.0430773122360953
8.82	0.0384557595918367
8.83	0.034443695583239
8.84	0.0311512411538462
8.85	0.0285386027570621
8.86	0.026528854469526
8.87	0.0250454172717024
8.88	0.0238631451126126
8.89	0.0228694633295838
8.9	0.0218780145393258
8.91	0.0207403806285073
8.92	0.0193458700896861
8.93	0.0176583263381859
8.94	0.0156787327069351
8.95	0.0134080681340782
8.96	0.0109210983928571
8.97	0.00832911032329989
8.98	0.00577970848552339
8.99	0.00338306820912125
9	0.00128560677777778
9.01	-0.000513671964483907
9.02	-0.00190580922394679
9.03	-0.00296537681063123
9.04	-0.00369347838495575
9.05	-0.00420079878453039
9.06	-0.00470699927152318
9.07	-0.00532142796030871
9.08	-0.00626217524229075
9.09	-0.00774637181518152
9.1	-0.00995386597802198
9.11	-0.0130637163556531
9.12	-0.0171816996052632
9.13	-0.0224493375684556
9.14	-0.0288990257549234
9.15	-0.0364907591256831
9.16	-0.0452207973580786
9.17	-0.0550133151145038
9.18	-0.0657207946623094
9.19	-0.0772683047660501
9.2	-0.0894375075434783
9.21	-0.102118695656895
9.22	-0.115130927396963
9.23	-0.128294045200433
9.24	-0.141392893852814
9.25	-0.154320465167568
9.26	-0.166863112354212
9.27	-0.178808110507012
9.28	-0.189943651637931
9.29	-0.200094424736276
9.3	-0.208979232623656
9.31	-0.216389103372718
9.32	-0.222080491480687
9.33	-0.225881760450161
9.34	-0.227480430856531
9.35	-0.22681285657754
9.36	-0.223709706880342
9.37	-0.218143498591249
9.38	-0.210122109296375
9.39	-0.199723795079872
9.4	-0.187167153319149
9.41	-0.172669852178533
9.42	-0.156589011167728
9.43	-0.139315291664899
9.44	-0.121307738813559
9.45	-0.103058437206349
9.46	-0.0849874997040169
9.47	-0.0676179905174234
9.48	-0.0513312796624473
9.49	-0.0365071296944152
9.5	-0.023419309031579
9.51	-0.012305672807571
9.52	-0.00329890094537815
9.53	0.00360763886673662
9.54	0.00842055113207547
9.55	0.0112848774450262
9.56	0.0124142124895397
9.57	0.0120212581818182
9.58	0.0103523361169102
9.59	0.0077561558915537
9.6	0.00447666645833333
9.61	0.000825601498439126
9.62	-0.0029209658004158
9.63	-0.00652243759086189
9.64	-0.00973921435684647
9.65	-0.0122984322694301
9.66	-0.0140652454037267
9.67	-0.0147686191520165
9.68	-0.0142410927892562
9.69	-0.0123158968627451
9.7	-0.0087587878556701
9.71	-0.0033705329969104
9.72	0.0039452483127572
9.73	0.0133864678725591
9.74	0.0250484019301848
9.75	0.0389920297435897
9.76	0.0552103379098361
9.77	0.073662505035824
9.78	0.0942064703680982
9.79	0.116599450847804
9.8	0.140565921244898
9.81	0.165662986095821
9.82	0.191449553991853
9.83	0.217385437884028
9.84	0.242999838597561
9.85	0.267622497502538
9.86	0.290787042170385
9.87	0.311895014711246
9.88	0.330484220060729
9.89	0.346228037087968
9.9	0.358734379575758
9.91	0.367812896024218
9.92	0.373340652600806
9.93	0.375328376676737
9.94	0.373820010462777
9.95	0.368992217849246
9.96	0.361020953232932
9.97	0.35018093887663
9.98	0.336745795951904
9.99	0.321021141601602
10	0.30327831204
10.01	0.283820584655345
10.02	0.262884041197605
10.03	0.240703821914257
10.04	0.217481203486056
10.05	0.193383767502488
10.06	0.168545567932406
10.07	0.143198612234359
10.08	0.117377210654762
10.09	0.0913121189494549
10.1	0.0651349855445545
10.11	0.0389442392284867
10.12	0.0129685855928854
10.13	-0.0126294412833169
10.14	-0.0376879484812623
10.15	-0.0620131111724138
10.16	-0.0854769433267717
10.17	-0.107919456440511
10.18	-0.129148816719057
10.19	-0.149103711638862
10.2	-0.167658248607843
10.21	-0.184687028246817
10.22	-0.200162182465753
10.23	-0.213959006510264
10.24	-0.226082417363281
10.25	-0.236376052039024
10.26	-0.244780819317739
10.27	-0.251173479435248
10.28	-0.255495588229572
10.29	-0.257592548377065
10.3	-0.257342458524272
10.31	-0.254655954723569
10.32	-0.249411986007752
10.33	-0.241553974908035
10.34	-0.231089505686654
10.35	-0.218058073835749
10.36	-0.202562841776062
10.37	-0.184802210819672
10.38	-0.165005665953757
10.39	-0.143529078979788
10.4	-0.120726952961538
10.41	-0.097015941690682
10.42	-0.0728428254894434
10.43	-0.0487160623394056
10.44	-0.0250788317241379
10.45	-0.00227771207655502
10.46	0.0192788342256214
10.47	0.0393102031518625
10.48	0.0575684060114504
10.49	0.0739639710390849
10.5	0.0884077673142857
10.51	0.100905366013321
10.52	0.111556590304183
10.53	0.120492278708452
10.54	0.127811408444023
10.55	0.133706586559242
10.56	0.138275774450758
10.57	0.141710390028382
10.58	0.144013650415879
10.59	0.145313627289896
10.6	0.145550785679245
10.61	0.144696972893497
10.62	0.142693013785311
10.63	0.139417757460019
10.64	0.13481264843985
10.65	0.128726228751174
10.66	0.121069632120075
10.67	0.111816290665417
10.68	0.100939736011236
10.69	0.0884754481384472
10.7	0.0744587743925234
10.71	0.0590483977404295
10.72	0.0424024090485075
10.73	0.0247091192171482
10.74	0.00621769918063315
10.75	-0.0128236072744186
10.76	-0.0321674792007435
10.77	-0.0515368192571959
10.78	-0.0706862247680891
10.79	-0.0894018408526414
10.8	-0.107439995
10.81	-0.124588497724329
10.82	-0.140666497079482
10.83	-0.1555548588735
10.84	-0.169043398321033
10.85	-0.181075048645161
10.86	-0.191501631546961
10.87	-0.200266751701932
10.88	-0.207344605735294
10.89	-0.212679128337925
10.9	-0.216275117669725
10.91	-0.218167655362053
10.92	-0.21848251448718
10.93	-0.217254270978957
10.94	-0.214698682175503
10.95	-0.210940146136986
10.96	-0.206223258229927
10.97	-0.200671180619872
10.98	-0.194587274116576
10.99	-0.188123392939035
11	-0.181460892254545
11.01	-0.174750442506812
11.02	-0.168112168638838
11.03	-0.161605817153219
11.04	-0.155231029565217
11.05	-0.148957531529412
11.06	-0.142665487866184
11.07	-0.136235496404697
11.08	-0.129518749873646
11.09	-0.122396786979261
11.1	-0.114692008522523
11.11	-0.106257210315032
11.12	-0.0970051753417266
11.13	-0.0868787021563342
11.14	-0.075939496535009
11.15	-0.0641897452017937
11.16	-0.0517501161469534
11.17	-0.038829632515667
11.18	-0.0256070003220036
11.19	-0.0123193724932976
11.2	0.000767428535714286
11.21	0.0134769993041927
11.22	0.0255157097682709
11.23	0.0367676015494212
11.24	0.0470877174911032
11.25	0.0563610011377778
11.26	0.0645608823623446
11.27	0.0717195516415262
11.28	0.0778983924468085
11.29	0.0831878519574845
11.3	0.087707312460177
11.31	0.0915757340229885
11.32	0.094911656360424
11.33	0.0978040228773169
11.34	0.100370615326279
11.35	0.102612294784141
11.36	0.104559020052817
11.37	0.106153419050132
11.38	0.107396420579965
11.39	0.108172853748903
11.4	0.108425949070175
11.41	0.108041189605609
11.42	0.10696235525394
11.43	0.105133422659668
11.44	0.102527461608392
11.45	0.0991465079825328
11.46	0.0950502842059337
11.47	0.0903271261028771
11.48	0.0850938582752613
11.49	0.0794956701305483
11.5	0.0736484995826087
11.51	0.0677540461685491
11.52	0.0619846125
11.53	0.0564545600520382
11.54	0.051306500745234
11.55	0.0465966864761905
11.56	0.0423811744982699
11.57	0.0386586831287813
11.58	0.0353993872193437
11.59	0.0325735645556514
11.6	0.0300091020517241
11.61	0.0276483761068045
11.62	0.025291713373494
11.63	0.0228822530524506
11.64	0.02022132604811
11.65	0.017224450832618
11.66	0.0138357877186964
11.67	0.00997136068551842
11.68	0.00566069520547945
11.69	0.000933215722840034
11.7	-0.00412524372649573
11.71	-0.00940091134073441
11.72	-0.0146957829863481
11.73	-0.0198688953964194
11.74	-0.0246671302896082
11.75	-0.0288663659234043
11.76	-0.0322151319387755
11.77	-0.0345470737468139
11.78	-0.0356122120033956
11.79	-0.0352735730958439
11.8	-0.0333946477288136
11.81	-0.0298673808806097
11.82	-0.0246959561590525
11.83	-0.0178565984277261
11.84	-0.00943729685810811
11.85	0.000418461518987342
11.86	0.011567673608769
11.87	0.0237564164953665
11.88	0.0367594492087542
11.89	0.0502688777796468
11.9	0.064005623394958
11.91	0.0776082738539043
11.92	0.0907998305704698
11.93	0.103221092623638
11.94	0.114597123902848
11.95	0.12462624460251
11.96	0.133007783879599
11.97	0.139552546683375
11.98	0.144044374958264
11.99	0.146322975162636
12	0.146256136783333
12.01	0.143767141199001
12.02	0.138834530848586
12.03	0.131464399534497
12.04	0.121772649584718
12.05	0.109874798589212
12.06	0.0959682159701492
12.07	0.080331783910522
12.08	0.0632434611423841
12.09	0.0450896613234078
12.1	0.0262281996694215
12.11	0.00709760495458299
12.12	-0.011837765379538
12.13	-0.0301423386314922
12.14	-0.0473819772652389
12.15	-0.0631511816131687
12.16	-0.0771001583552632
12.17	-0.0889345916516023
12.18	-0.0984425569950739
12.19	-0.105467063937654
12.2	-0.109960025147541
12.21	-0.11198181045045
12.22	-0.111619644811784
12.23	-0.109068590433361
12.24	-0.104577089150327
12.25	-0.0984467445551021
12.26	-0.0909512117292007
12.27	-0.0824440811735941
12.28	-0.0731970299185668
12.29	-0.0635077494385679
12.3	-0.0535923327154472
12.31	-0.0435856056701868
12.32	-0.0336487896428571
12.33	-0.0238353373398216
12.34	-0.0141717385251216
12.35	-0.0046040932145749
12.36	0.00486783148867314
12.37	0.0143511665481002
12.38	0.0238725874313409
12.39	0.0334586834866828
12.4	0.0431092982419355
12.41	0.0528242757292506
12.42	0.0625236091304348
12.43	0.0720477619790829
12.44	0.0812908594372991
12.45	0.0900677078875502
12.46	0.098167176565008
12.47	0.10540532234162
12.48	0.111625280801282
12.49	0.116591286068855
12.5	0.120253454096
12.51	0.122482783453237
12.52	0.123282707460064
12.53	0.122630265027933
12.54	0.120608017942584
12.55	0.117324606247012
12.56	0.112862003566879
12.57	0.107407120636436
12.58	0.101119995294118
12.59	0.0941076414932486
12.6	0.0865554440793651
12.61	0.0785695516415543
12.62	0.0702557763232964
12.63	0.0616672460490895
12.64	0.0528830744620253
12.65	0.0439298587035573
12.66	0.0348602244075829
12.67	0.0256483553117601
12.68	0.016346730615142
12.69	0.00698161330181245
12.7	-0.00236875579527559
12.71	-0.0116523918804091
12.72	-0.0207914842767296
12.73	-0.029682497863315
12.74	-0.0381703254788069
12.75	-0.0462040593882353
12.76	-0.0536293199059561
12.77	-0.0603439861080658
12.78	-0.0662462566979656
12.79	-0.0712604958717748
12.8	-0.07536295803125
12.81	-0.0785299717252147
12.82	-0.0807379393603744
12.83	-0.0820148699766173
12.84	-0.0824401782866044
12.85	-0.0820158525136187
12.86	-0.0808209939657854
12.87	-0.0789344581041181
12.88	-0.0763835224844721
12.89	-0.0732466732040341
12.9	-0.0695508995658915
12.91	-0.0653487141130906
12.92	-0.0606157056811146
12.93	-0.0554042403866976
12.94	-0.0497665224729521
12.95	-0.0436780116293436
12.96	-0.0371907675
12.97	-0.0303821775790285
12.98	-0.0233039221109399
12.99	-0.0160584205234796
13	-0.00874777710769231
13.01	-0.00147378222905457
13.02	0.00556052437788018
13.03	0.0122795814581734
13.04	0.0185320048006135
13.05	0.0241668742068966
13.06	0.0290590444716692
13.07	0.0331343401683244
13.08	0.0362935386544343
13.09	0.0384882299770817
13.1	0.039670152
13.11	0.039841622273074
13.12	0.0390049512804878
13.13	0.0371624424676314
13.14	0.0343667095585997
13.15	0.0306702062357414
13.16	0.0260498655167173
13.17	0.0206081971602126
13.18	0.0143219883611533
13.19	0.00721822326004549
13.2	-0.000651151484848485
13.21	-0.00930942249810749
13.22	-0.0187047867473525
13.23	-0.0288105853212396
13.24	-0.0396252084743202
13.25	-0.0510971517584906
13.26	-0.0631252041628959
13.27	-0.0756333719366993
13.28	-0.0885209968072289
13.29	-0.101687723461249
13.3	-0.114934074466165
13.31	-0.128135683801653
13.32	-0.141094102927928
13.33	-0.153636278844711
13.34	-0.165564895997002
13.35	-0.176707992928839
13.36	-0.186894123038922
13.37	-0.195952352655198
13.38	-0.20378638122571
13.39	-0.210226129126214
13.4	-0.215225376895522
13.41	-0.218688738747204
13.42	-0.220570380655738
13.43	-0.220898451258377
13.44	-0.219676418348214
13.45	-0.216907739405204
13.46	-0.21269410371471
13.47	-0.207087814016333
13.48	-0.200190066008902
13.49	-0.192077249429207
13.5	-0.18287450317037
13.51	-0.172657656373057
13.52	-0.16152676535503
13.53	-0.149581590628234
13.54	-0.136921597991137
13.55	-0.123597164841328
13.56	-0.109658519970501
13.57	-0.095180105541636
13.58	-0.080187457466863
13.59	-0.0647546876526858
13.6	-0.0488827669558824
13.61	-0.032621243041881
13.62	-0.0160437900587372
13.63	0.000776134057226706
13.64	0.0177652867888563
13.65	0.0347779842930403
13.66	0.0516931702489019
13.67	0.0683417761228969
13.68	0.0845310621929825
13.69	0.100044704002922
13.7	0.114691138963504
13.71	0.12823113805981
13.72	0.140474359912536
13.73	0.1512069401311
13.74	0.160239696943231
13.75	0.167480168989091
13.76	0.172788113604651
13.77	0.176143733493101
13.78	0.177551278998549
13.79	0.177014988136331
13.8	0.174682819072464
13.81	0.17063048724113
13.82	0.165029171881331
13.83	0.158049557136659
13.84	0.149885720014451
13.85	0.14073117701083
13.86	0.130755034430014
13.87	0.120125910886806
13.88	0.108988121729107
13.89	0.0975093668970482
13.9	0.0858092976115108
13.91	0.0740072210208483
13.92	0.0621746036494253
13.93	0.0504539023402728
13.94	0.0389634503443329
13.95	0.0277975437849462
13.96	0.0171212511318052
13.97	0.00705184042949177
13.98	-0.00219916793991416
13.99	-0.0104917485632595
14	-0.0176390497285714
14.01	-0.0234783495360457
14.02	-0.0278238108416548
14.03	-0.0305372517177477
14.04	-0.0315044298290598
14.05	-0.0306584863914591
14.06	-0.0279797776671408
14.07	-0.0234722114712154
14.08	-0.0172101215767045
14.09	-0.00931455544357701
14.1	4.68914326241135E-005
14.11	0.0107070986676116
14.12	0.0224057692776204
14.13	0.034953530955414
14.14	0.048068029533239
14.15	0.0615377976254417
14.16	0.0751052724717514
14.17	0.0885369482709951
14.18	0.101669918236953
14.19	0.114248546751233
14.2	0.126157601929577
14.21	0.137189119366643
14.22	0.147251958959212
14.23	0.156162310695713
14.24	0.163806526516854
14.25	0.170024879536842
14.26	0.174750821514727
14.27	0.177848491534688
14.28	0.179228709607843
14.29	0.178825679356193
14.3	0.176573788447552
14.31	0.172500014549266
14.32	0.166608174455307
14.33	0.158994351933008
14.34	0.149800469372385
14.35	0.139237165324042
14.36	0.12753751281337
14.37	0.114979946471816
14.38	0.101888104812239
14.39	0.0886536463794302
14.4	0.0755982699861111
14.41	0.0630657227897294
14.42	0.0513987984188627
14.43	0.0408706116701317
14.44	0.0317077334487535
14.45	0.02404459616609
14.46	0.0180152603596127
14.47	0.0136163387422253
14.48	0.0107531316712707
14.49	0.00930838625258799
14.5	0.00909677623448276
14.51	0.00986513658166781
14.52	0.0113382321487603
14.53	0.0132188336269787
14.54	0.0152332656121045
14.55	0.0170631638900344
14.56	0.0184591538324176
14.57	0.0192179242415923
14.58	0.019182069382716
14.59	0.0181946150651131
14.6	0.0162348738493151
14.61	0.0132369603696099
14.62	0.00927084035567716
14.63	0.00440628824333561
14.64	-0.00124195034153005
14.65	-0.00755944307167236
14.66	-0.0143869696316508
14.67	-0.0215657438445808
14.68	-0.0289374121934605
14.69	-0.0363665564057182
14.7	-0.0436731491972789
14.71	-0.0507675466621346
14.72	-0.057537890298913
14.73	-0.0638950683095723
14.74	-0.0697502107191316
14.75	-0.0750595135864407
14.76	-0.0798016890108401
14.77	-0.0839555067433988
14.78	-0.0874997939918809
14.79	-0.0904357871264368
14.8	-0.092787055972973
14.81	-0.0945994284132343
14.82	-0.0958739953306343
14.83	-0.0966564278894134
14.84	-0.0970368273315364
14.85	-0.0970382674343434
14.86	-0.0967727462987887
14.87	-0.0963074974579691
14.88	-0.0957317904166667
14.89	-0.0951568566554735
14.9	-0.0947158159328859
14.91	-0.0944749148625084
14.92	-0.0945666938873995
14.93	-0.0950790537441393
14.94	-0.096121787309237
14.95	-0.0977380556521739
14.96	-0.100015100240642
14.97	-0.102929513734135
14.98	-0.10645795129506
14.99	-0.11055507670447
15	-0.115087518746667
15.01	-0.119922261625583
15.02	-0.124882624527297
15.03	-0.129704416912841
15.04	-0.134146131236702
15.05	-0.137922970325581
15.06	-0.140772844608234
15.07	-0.142390486967485
15.08	-0.142515284124668
15.09	-0.140931128681246
15.1	-0.137444378728477
15.11	-0.131949419099934
15.12	-0.124362778095238
15.13	-0.114710452742895
15.14	-0.103083876922061
15.15	-0.0896615261650165
15.16	-0.07464321146438
15.17	-0.0583589689386948
15.18	-0.0411379650461133
15.19	-0.023373789361422
15.2	-0.00543724671052632
15.21	0.0122583638658777
15.22	0.0293008295269382
15.23	0.0453441385029547
15.24	0.060043187191601
15.25	0.0731188102163935
15.26	0.084335900904325
15.27	0.0935249163064833
15.28	0.100538392421466
15.29	0.105337355866579
15.3	0.107861328313725
15.31	0.108179545787067
15.32	0.106296327650131
15.33	0.102323804761905
15.34	0.0963307146023468
15.35	0.0884502248990228
15.36	0.0788151565885417
15.37	0.0675794933767079
15.38	0.0548753240442133
15.39	0.0408988355035737
15.4	0.0258242385584416
15.41	0.00986819701492537
15.42	-0.0067531873540856
15.43	-0.0237600986001296
15.44	-0.0408948566062176
15.45	-0.0578790513268609
15.46	-0.074370843389392
15.47	-0.0900506466968326
15.48	-0.104621056550388
15.49	-0.117742752627502
15.5	-0.129162602425806
15.51	-0.138606811979368
15.52	-0.145844894085052
15.53	-0.150732102549903
15.54	-0.15316661003861
15.55	-0.153068110610932
15.56	-0.150483979550129
15.57	-0.145461470430315
15.58	-0.138132589602054
15.59	-0.128692619461193
15.6	-0.117357533
15.61	-0.104363927533632
15.62	-0.089968958681178
15.63	-0.0744714252463212
15.64	-0.0581482247186701
15.65	-0.0412755468626198
15.66	-0.0241077658492976
15.67	-0.00689860652201659
15.68	0.0101199367346939
15.69	0.0267164609815169
15.7	0.0427443782165605
15.71	0.0579943448504137
15.72	0.0722996090839695
15.73	0.0855358755244755
15.74	0.0975371589834816
15.75	0.108179874819048
15.76	0.117382704416244
15.77	0.125043572542803
15.78	0.131081612306717
15.79	0.135458034325522
15.8	0.138155070493671
15.81	0.139175907501581
15.82	0.138586413855879
15.83	0.1364522916235
15.84	0.132922557916667
15.85	0.12814585377918
15.86	0.122312133215637
15.87	0.115652533030876
15.88	0.108355972481108
15.89	0.100694113530522
15.9	0.0928963517484277
15.91	0.0851915059710874
15.92	0.0777662893844221
15.93	0.0708276986691777
15.94	0.0645199931367629
15.95	0.0589248913981191
15.96	0.0541031939348371
15.97	0.0501155489417658
15.98	0.0469397032165207
15.99	0.0445121103064415
16	0.0428107057
16.01	0.0417102368519675
16.02	0.0411476711860175
16.03	0.0410395105427324
16.04	0.0412612449625935
16.05	0.0417504663052959
16.06	0.0424243375217933
16.07	0.0432207992906036
16.08	0.0440779466666667
16.09	0.0449545745680547
16.1	0.0457890470807453
16.11	0.0465404017877095
16.12	0.0471267624565757
16.13	0.0475074459268444
16.14	0.0476009052292441
16.15	0.0473053257337461
16.16	0.0465396017945545
16.17	0.0451819397649969
16.18	0.0431108470951792
16.19	0.0402663885855466
16.2	0.036527557654321
16.21	0.0318348279210364
16.22	0.0261492010974106
16.23	0.0194725124830561
16.24	0.0118269490517241
16.25	0.00329567416615385
16.26	-0.00599769108241082
16.27	-0.0159095108666257
16.28	-0.0262355837346437
16.29	-0.0367519159361571
16.3	-0.0472553446625767
16.31	-0.0575026677007971
16.32	-0.0672512789215686
16.33	-0.0763198984690753
16.34	-0.0845276902570379
16.35	-0.091714479853211
16.36	-0.0978013119804401
16.37	-0.102709424288332
16.38	-0.106440975604396
16.39	-0.108977949591214
16.4	-0.110383004243902
16.41	-0.110738790140158
16.42	-0.110107623471376
16.43	-0.108591910298235
16.44	-0.106253590413625
16.45	-0.103174549325228
16.46	-0.0994163894289186
16.47	-0.0950204915846995
16.48	-0.0900080764684466
16.49	-0.0843602181200728
16.5	-0.0780780718909091
16.51	-0.0711627903331314
16.52	-0.0635354785108959
16.53	-0.0552374268118572
16.54	-0.046229877859734
16.55	-0.0365540675528701
16.56	-0.0261912436714976
16.57	-0.0152025024260712
16.58	-0.00368867014475271
16.59	0.00828952342374925
16.6	0.0206316653975904
16.61	0.033197779217339
16.62	0.0458880067509025
16.63	0.0585629724353578
16.64	0.0710836357451923
16.65	0.0833311451171171
16.66	0.0952067773589436
16.67	0.106572383947211
16.68	0.117309966870504
16.69	0.127321618262433
16.7	0.136489869281437
16.71	0.144717315918612
16.72	0.151906787188995
16.73	0.157921824459056
16.74	0.162646043345281
16.75	0.166002810185075
16.76	0.167876224976134
16.77	0.168190089874776
16.78	0.166888089785459
16.79	0.163914043776057
16.8	0.159270937642857
16.81	0.153020747923855
16.82	0.145244958026159
16.83	0.136083785430778
16.84	0.125696745475059
16.85	0.114301832617211
16.86	0.102155739383155
16.87	0.0895145496621221
16.88	0.0767120780924171
16.89	0.0639834847483718
16.9	0.0516024955502959
16.91	0.0398421889296274
16.92	0.0288773072576832
16.93	0.0188821800472534
16.94	0.00995266505312869
16.95	0.00218439381710914
16.96	-0.00446367178066038
16.97	-0.0100129925987036
16.98	-0.0145433861130742
16.99	-0.0181733970806357
17	-0.0210212913294118
17.01	-0.0232633607407407
17.02	-0.0250366362749706
17.03	-0.0264972389312977
17.04	-0.0277815227230047
17.05	-0.0289867435190616
17.06	-0.0302680624384525
17.07	-0.0316640785588752
17.08	-0.0332713657728337
17.09	-0.035147584447045
17.1	-0.0373309276374269
17.11	-0.0398788202454705
17.12	-0.0428292431542056
17.13	-0.0462007899824869
17.14	-0.0500312982730455
17.15	-0.0543199651778426
17.16	-0.0591045193939394
17.17	-0.0643840944903902
17.18	-0.0701000988242142
17.19	-0.0762710019546248
17.2	-0.0827806902441861
17.21	-0.0895517376641487
17.22	-0.0964877003252032
17.23	-0.103434798525827
17.24	-0.110258784802784
17.25	-0.116768230017391
17.26	-0.122810455110081
17.27	-0.128213992518819
17.28	-0.132826902650463
17.29	-0.13653583739734
17.3	-0.139189492855491
17.31	-0.140770600034662
17.32	-0.141204669214781
17.33	-0.140512761892672
17.34	-0.138715890980392
17.35	-0.13589218254755
17.36	-0.132138625541475
17.37	-0.127571017489925
17.38	-0.122304889413119
17.39	-0.116474516630247
17.4	-0.110213865781609
17.41	-0.103656595715106
17.42	-0.0968791264638347
17.43	-0.0900146019277109
17.44	-0.0831579495527523
17.45	-0.0763470451575931
17.46	-0.0696764792668958
17.47	-0.063183856863194
17.48	-0.0569256090389016
17.49	-0.0509391364779874
17.5	-0.0452428638285714
17.51	-0.0398740534094803
17.52	-0.0348698824657534
17.53	-0.030248585191101
17.54	-0.02600950672748
17.55	-0.0221896671680912
17.56	-0.0187506982687927
17.57	-0.0157107649971542
17.58	-0.0130127726507395
17.59	-0.0106561380443434
17.6	-0.00856514645454545
17.61	-0.00670180023850085
17.62	-0.00500942611804767
17.63	-0.00343147939875213
17.64	-0.00193028422902494
17.65	-0.000449520135977337
17.66	0.00104828638731597
17.67	0.00254439760045274
17.68	0.0040575146040724
17.69	0.0055689209044658
17.7	0.00709729649717514
17.71	0.00856794643704122
17.72	0.00999962446952596
17.73	0.0113364600564016
17.74	0.0125786135851184
17.75	0.0137448695661972
17.76	0.0148167422072072
17.77	0.0158688049409116
17.78	0.0169196842519685
17.79	0.0180437125688589
17.8	0.0193336274494382
17.81	0.0208448346883773
17.82	0.022651167037037
17.83	0.0248448325294448
17.84	0.0274622408744395
17.85	0.0305212000448179
17.86	0.0340764976819709
17.87	0.0380533028651371
17.88	0.0424509083668904
17.89	0.0471946935941867
17.9	0.0521547994636872
17.91	0.0572570312227806
17.92	0.062372016328125
17.93	0.0673706708533185
17.94	0.0721057714492754
17.95	0.076448839810585
17.96	0.0803084972048998
17.97	0.0835567753589316
17.98	0.0861027631701891
17.99	0.0878741276931629
18	0.0887986967222222
18.01	0.0888228139589117
18.02	0.08791128763596
18.03	0.0860473393122573
18.04	0.0831775775720621
18.05	0.0793586189362881
18.06	0.0745554305537099
18.07	0.0688245304482568
18.08	0.0622223116039823
18.09	0.0548415911885019
18.1	0.0467567169060773
18.11	0.0381513977912755
18.12	0.029154204790287
18.13	0.0200028299062328
18.14	0.0108979928776185
18.15	0.00211282719559229
18.16	-0.00609833926211454
18.17	-0.013481738503027
18.18	-0.0197659769086909
18.19	-0.0247166056074766
18.2	-0.028117854989011
18.21	-0.0297907374299835
18.22	-0.029647378507135
18.23	-0.0275819625123423
18.24	-0.023615774879386
18.25	-0.0178243970630137
18.26	-0.0102832449507119
18.27	-0.00121232447728517
18.28	0.00920500882932166
18.29	0.0207135020010935
18.3	0.0330042658032787
18.31	0.0458051955324959
18.32	0.0588267355895197
18.33	0.0717799622476814
18.34	0.0843585565976009
18.35	0.0963649605122616
18.36	0.107530023485839
18.37	0.117693156450735
18.38	0.126658147616975
18.39	0.134319093594345
18.4	0.140570321217391
18.41	0.145288430124932
18.42	0.148457970206298
18.43	0.150009712957135
18.44	0.149910435206074
18.45	0.148144903674797
18.46	0.144715826251354
18.47	0.139661701884136
18.48	0.132985168636364
18.49	0.124760375273121
18.5	0.115061310237838
18.51	0.10397966186926
18.52	0.0916604708963283
18.53	0.078230624446843
18.54	0.0638880594282632
18.55	0.0488302859299191
18.56	0.0332543883728448
18.57	0.0173926308131395
18.58	0.00151236227125942
18.59	-0.014155209338354
18.6	-0.0293615999569892
18.61	-0.0438766234282644
18.62	-0.0574883423630505
18.63	-0.069985274417606
18.64	-0.0811918615236052
18.65	-0.0909860992922252
18.66	-0.0992462448660236
18.67	-0.105903936400643
18.68	-0.110926352933619
18.69	-0.114316119304441
18.7	-0.116093533058824
18.71	-0.116367192709781
18.72	-0.115210145854701
18.73	-0.11280118412173
18.74	-0.109265795752401
18.75	-0.104817357173333
18.76	-0.0996511680703625
18.77	-0.0939797243260522
18.78	-0.0880326722364217
18.79	-0.0820039819372006
18.8	-0.0761047951489362
18.81	-0.0705282296544391
18.82	-0.0654669927842721
18.83	-0.0610431574190122
18.84	-0.0573609903078556
18.85	-0.0545420745888594
18.86	-0.0526200938069989
18.87	-0.0516111410492846
18.88	-0.0514962557521186
18.89	-0.0522390169931181
18.9	-0.0537855896825397
18.91	-0.0560472886092015
18.92	-0.058900670539112
18.93	-0.0622400166085578
18.94	-0.0659423769165787
18.95	-0.0698676159894459
18.96	-0.0738933298945148
18.97	-0.0778973727991566
18.98	-0.0817404387671233
18.99	-0.0853357403475514
19	-0.088544475231579
19.01	-0.0912803032824829
19.02	-0.0934223041535226
19.03	-0.0949192987073043
19.04	-0.0956681274159664
19.05	-0.0956005544041995
19.06	-0.0946658314165792
19.07	-0.0928133166439434
19.08	-0.0900098006813417
19.09	-0.0862394608695652
19.1	-0.0815211238743455
19.11	-0.0758735769544741
19.12	-0.0693501480439331
19.13	-0.0620213345216937
19.14	-0.0539747583594566
19.15	-0.0453151214099217
19.16	-0.0361814147286013
19.17	-0.026729584246218
19.18	-0.0171152506673618
19.19	-0.00747648339760292
19.2	0.00203171785416667
19.21	0.0112202581572098
19.22	0.0199692362434964
19.23	0.02815900024961
19.24	0.0356529649168399
19.25	0.0423491752519481
19.26	0.0481973809345794
19.27	0.0531474359522574
19.28	0.0571664448340249
19.29	0.0602387179367548
19.3	0.0623999843419689
19.31	0.0636687792542724
19.32	0.0641149325155279
19.33	0.0638081294671495
19.34	0.0628179113236815
19.35	0.0612649289715762
19.36	0.0592354327169421
19.37	0.0568496284254001
19.38	0.0542445318885449
19.39	0.051522777782362
19.4	0.0487867891649485
19.41	0.046155809685729
19.42	0.0437318144902163
19.43	0.0415995546577458
19.44	0.0397925907407407
19.45	0.0383614109100257
19.46	0.0373054358478931
19.47	0.0366240874268105
19.48	0.0362658773203285
19.49	0.0361454993637763
19.5	0.0361608693230769
19.51	0.0362270566273706
19.52	0.0361746263114754
19.53	0.0358852714797747
19.54	0.0352240090685773
19.55	0.0340561321943734
19.56	0.0322810115541922
19.57	0.0297982235258048
19.58	0.026558201011236
19.59	0.0225452284635018
19.6	0.0177604889693878
19.61	0.0122894530035696
19.62	0.00621741678899083
19.63	-0.000303134121242995
19.64	-0.00713685694501018
19.65	-0.0140645661882952
19.66	-0.0208843373957274
19.67	-0.0273946567361464
19.68	-0.0333440259654472
19.69	-0.0385654050888776
19.7	-0.0428753123350254
19.71	-0.0460906382952816
19.72	-0.0481292285294118
19.73	-0.0488923397263051
19.74	-0.0483651633637285
19.75	-0.0465496593721519
19.76	-0.0434979736842105
19.77	-0.0393290328376328
19.78	-0.0341615228715875
19.79	-0.0281807084487115
19.8	-0.0215547837676768
19.81	-0.014501666703685
19.82	-0.00722215599394551
19.83	6.66837317196168E-005
19.84	0.00718155053427419
19.85	0.0139228577128463
19.86	0.020174649305136
19.87	0.0257879280322094
19.88	0.0306805124245473
19.89	0.0348202482151835
19.9	0.0381584334773869
19.91	0.0407460878151683
19.92	0.0425843415461847
19.93	0.0437572591470145
19.94	0.0443321574924774
19.95	0.0443927891428571
19.96	0.0440061764629259
19.97	0.0432557616324487
19.98	0.0422248197797798
19.99	0.0409468469034517
20	0.03947180124
