XDAC V1.2 Datafile V1
"nb_sralnb.001" created on 9/21/07 at 6:06:23 PM on X-23A2
Ring energy= 2.80 GeV
E0= 18986.00
NUM_REGIONS= 4
SRB= -200 -20 30 300 1300
SRSS= 5 1 0.05k 0.05k
SPP= 1 1 2 3
Settling time= 0.30


Offsets= 117.20 82.20 193.80
Gains= 7.00 8.00 8.00



--------------------------------------------------------------------------------
        Energy            I0            It          Iref
   18785.99996     3132.8000    18030.8000     8668.2000
   18790.99712     3078.8000    17741.8000     8530.2000
   18796.00172     3145.8000    18156.8000     8732.2000
   18800.99930     3172.8000    18327.8000     8821.2000
   18805.99708     3168.8000    18319.8000     8819.2000
   18811.00230     3165.8000    18314.8000     8822.2000
   18816.00049     3163.8000    18318.8000     8831.2000
   18820.99889     3150.8000    18265.8000     8808.2000
   18825.99749     3157.8000    18321.8000     8840.2000
   18831.00354     3152.8000    18317.8000     8840.2000
   18836.00256     3104.8000    18050.8000     8718.2000
   18841.00178     3148.8000    18324.8000     8853.2000
   18846.00121     3143.8000    18316.8000     8855.2000
   18851.00084     3142.8000    18325.8000     8859.2000
   18856.00068     3139.8000    18323.8000     8865.2000
   18861.00072     3134.8000    18311.8000     8861.2000
   18866.00097     3132.8000    18315.8000     8869.2000
   18871.00143     3129.8000    18309.8000     8867.2000
   18876.00209     3125.8000    18305.8000     8870.2000
   18881.00295     3123.8000    18309.8000     8876.2000
   18885.99678     3119.8000    18297.8000     8874.2000
   18890.99806     3119.8000    18307.8000     8878.2000
   18895.99953     3116.8000    18311.8000     8885.2000
   18901.00121     3109.8000    18286.8000     8874.2000
   18906.00310     3112.8000    18313.8000     8888.2000
   18910.99795     3108.8000    18300.8000     8889.2000
   18916.00024     3104.8000    18294.8000     8882.2000
   18921.00274     3100.8000    18282.8000     8880.2000
   18925.99820     3093.8000    18256.8000     8867.2000
   18931.00111     3095.8000    18278.8000     8876.2000
   18935.99697     3090.8000    18258.8000     8863.2000
   18941.00028     3075.8000    18169.8000     8818.2000
   18945.99655     3081.8000    18223.8000     8835.2000
   18951.00027     3065.8000    18132.8000     8784.2000
   18955.99695     3017.8000    17838.8000     8627.2000
   18961.00107     3017.8000    17880.8000     8631.2000
   18965.99815     3075.8000    18192.8000     8753.2000
   18966.99759     3088.8000    18261.8000     8781.2000
   18967.99704     3089.8000    18270.8000     8777.2000
   18968.99650     3086.8000    18246.8000     8753.2000
   18970.00321     3068.8000    18142.8000     8694.2000
   18971.00268     3087.8000    18248.8000     8734.2000
   18972.00216     3085.8000    18231.8000     8709.2000
   18973.00165     3069.8000    18129.8000     8640.2000
   18974.00115     3083.8000    18216.8000     8671.2000
   18975.00065     3083.8000    18205.8000     8647.2000
   18976.00016     3082.8000    18196.8000     8615.2000
   18976.99969     3077.8000    18153.8000     8567.2000
   18977.99922     3080.8000    18165.8000     8543.2000
   18978.99875     3080.8000    18154.8000     8503.2000
   18979.99830     3073.8000    18097.8000     8408.2000
   18980.99785     3070.8000    18070.8000     8324.2000
   18981.99741     3075.8000    18089.8000     8248.2000
   18982.99698     3075.8000    18073.8000     8167.2000
   18983.99656     3073.8000    18043.8000     7989.2000
   18985.00339     3073.8000    18014.8000     7687.2000
   18986.00299     3072.8000    17973.8000     7311.2000
   18987.00259     3072.8000    17936.8000     6914.2000
   18988.00220     3053.8000    17775.8000     6530.2000
   18989.00182     3072.8000    17803.8000     6263.2000
   18990.00144     3070.8000    17689.8000     6059.2000
   18991.00108     3043.8000    17427.8000     5864.2000
   18992.00072     3070.8000    17498.8000     5792.2000
   18993.00037     3069.8000    17361.8000     5549.2000
   18994.00003     3069.8000    17212.8000     5316.2000
   18994.99969     3063.8000    17011.8000     5079.2000
   18995.99937     3067.8000    16794.8000     4814.2000
   18996.99905     3066.8000    16482.8000     4495.2000
   18997.99874     3063.8000    16052.8000     4074.2000
   18998.99844     3053.8000    15758.8000     3814.2000
   18999.99815     3064.8000    15533.8000     3582.2000
   19000.99786     3064.8000    15102.8000     3312.2000
   19001.99759     3043.8000    14527.8000     3096.2000
   19002.99732     3062.8000    13937.8000     2916.2000
   19003.99706     3062.8000    13005.8000     2720.2000
   19004.99680     3060.8000    12402.8000     2624.2000
   19005.99656     3028.8000    11817.8000     2541.2000
   19007.00357     3061.8000    11476.8000     2530.2000
   19008.00334     3061.8000    11359.8000     2524.2000
   19009.00312     3055.8000    11325.8000     2517.2000
   19010.00290     3047.8000    11293.8000     2497.2000
   19011.00270     3057.8000    11260.8000     2468.2000
   19012.00250     3057.8000    11127.8000     2424.2000
   19013.00231     3054.8000    10992.8000     2384.2000
   19014.00213     3056.8000    10863.8000     2351.2000
   19015.00196     3055.8000    10792.8000     2337.2000
   19017.08134     6073.6000    21433.6000     4647.4000
   19018.17538     6110.6000    21389.6000     4622.4000
   19019.29117     6108.6000    21102.6000     4536.4000
   19020.42870     6092.6000    20590.6000     4380.4000
   19021.58074     6102.6000    20285.6000     4275.4000
   19022.75452     6101.6000    20004.6000     4177.4000
   19023.95005     6093.6000    19708.6000     4074.4000
   19025.16008     6100.6000    19622.6000     4007.4000
   19026.39187     6097.6000    19872.6000     4029.4000
   19027.64540     6080.6000    20389.6000     4120.4000
   19028.91344     6092.6000    21246.6000     4316.4000
   19030.20323     6091.6000    22037.6000     4544.4000
   19031.50752     6045.6000    22429.6000     4694.4000
   19032.83357     6084.6000    23045.6000     4910.4000
   19034.18137     6076.6000    23319.6000     5053.4000
   19035.54367     6068.6000    23380.6000     5111.4000
   19036.92773     6065.6000    23399.6000     5139.4000
   19038.33355     6070.6000    23460.6000     5154.4000
   19039.75387     6073.6000    23578.6000     5172.4000
   19041.18871     6072.6000    23763.6000     5194.4000
   19042.65254     6064.6000    23993.6000     5219.4000
   19044.13089     6070.6000    24293.6000     5269.4000
   19045.63100     6058.6000    24482.6000     5306.4000
   19047.14562     6067.6000    24696.6000     5362.4000
   19048.68200     6062.6000    24750.6000     5390.4000
   19050.23289     6061.6000    24727.6000     5404.4000
   19051.81279     6060.6000    24592.6000     5399.4000
   19053.39996     6009.6000    24243.6000     5337.4000
   19055.01613     6054.6000    24268.6000     5355.4000
   19056.64683     6039.6000    24118.6000     5320.4000
   19058.29929     6051.6000    24117.6000     5295.4000
   19059.96626     6043.6000    24029.6000     5231.4000
   19061.65500     6046.6000    23897.6000     5151.4000
   19063.35826     6041.6000    23715.6000     5069.4000
   19065.09054     6039.6000    23556.6000     5008.4000
   19066.83008     6038.6000    23418.6000     4968.4000
   19068.59865     6036.6000    23348.6000     4964.4000
   19070.38173     6031.6000    23320.6000     5004.4000
   19072.18659     6025.6000    23318.6000     5057.4000
   19074.00597     6030.6000    23313.6000     5109.4000
   19075.84712     6028.6000    23247.6000     5128.4000
   19077.70280     6024.6000    23127.6000     5122.4000
   19079.58025     6020.6000    23006.6000     5099.4000
   19081.47948     6015.6000    22938.6000     5079.4000
   19083.40048     6012.6000    22893.6000     5066.4000
   19085.33601     6004.6000    22795.6000     5043.4000
   19087.28607     5999.6000    22659.6000     5015.4000
   19089.26516     5989.6000    22493.6000     4980.4000
   19091.25877     5959.6000    22162.6000     4904.4000
   19093.26692     5893.6000    21797.6000     4818.4000
   19095.29685     5841.6000    21615.6000     4764.4000
   19097.34857     5825.6000    21741.6000     4773.4000
   19099.42206     5901.6000    22310.6000     4873.4000
   19101.51009     5998.6000    22942.6000     4992.4000
   19103.61266     6018.6000    23281.6000     5056.4000
   19105.74426     6014.6000    23431.6000     5092.4000
   19107.88315     6008.6000    23517.6000     5127.4000
   19110.05108     6003.6000    23514.6000     5152.4000
   19112.23354     5998.6000    23478.6000     5182.4000
   19114.43780     5994.6000    23475.6000     5214.4000
   19116.65660     5987.6000    23523.6000     5265.4000
   19118.89719     5988.6000    23694.6000     5343.4000
   19121.15957     5985.6000    23845.6000     5403.4000
   19123.43650     5982.6000    23949.6000     5437.4000
   19125.73522     5972.6000    23999.6000     5460.4000
   19128.05574     5978.6000    24048.6000     5481.4000
   19130.39081     5973.6000    24021.6000     5479.4000
   19132.74042     5968.6000    23964.6000     5462.4000
   19135.11909     5966.6000    23901.6000     5436.4000
   19137.51230     5965.6000    23842.6000     5406.4000
   19139.92007     5962.6000    23803.6000     5388.4000
   19142.35689     5959.6000    23803.6000     5378.4000
   19144.80101     5955.6000    23813.6000     5375.4000
   19147.27419     5950.6000    23831.6000     5381.4000
   19149.76192     5950.6000    23879.6000     5396.4000
   19152.27146     5948.6000    23904.6000     5397.4000
   19154.79556     5938.6000    23856.6000     5364.4000
   19157.34147     5938.6000    23795.6000     5312.4000
   19159.90919     5936.6000    23727.6000     5268.4000
   19162.49146     5935.6000    23640.6000     5219.4000
   19165.09556     5922.6000    23526.6000     5185.4000
   19167.71421     5928.6000    23501.6000     5185.4000
   19170.35468     5925.6000    23422.6000     5196.4000
   19173.01697     5916.6000    23343.6000     5224.4000
   19175.69382     5918.6000    23346.6000     5284.4000
   19178.39249     5914.6000    23408.6000     5371.4000
   19181.10573     5879.6000    23382.6000     5438.4000
   19183.84079     5900.6000    23555.6000     5523.4000
   19186.59768     5901.6000    23632.6000     5562.4000
   19189.37639     5874.6000    23580.6000     5544.4000
   19192.16967     5896.6000    23701.6000     5561.4000
   19194.97753     5893.6000    23686.6000     5551.4000
   19197.80721     5884.6000    23626.6000     5532.4000
   19200.65873     5889.6000    23648.6000     5527.4000
   19203.53207     5885.6000    23662.6000     5512.4000
   19206.41999     5882.6000    23685.6000     5498.4000
   19209.32249     5877.6000    23694.6000     5472.4000
   19212.25409     5871.6000    23694.6000     5447.4000
   19215.20026     5870.6000    23715.6000     5427.4000
   19218.16102     5867.6000    23746.6000     5416.4000
   19221.14361     5865.6000    23781.6000     5411.4000
   19224.14805     5861.6000    23788.6000     5410.4000
   19227.16707     5857.6000    23776.6000     5406.4000
   19230.20793     5853.6000    23787.6000     5410.4000
   19233.27064     5849.6000    23814.6000     5426.4000
   19236.34794     5820.6000    23746.6000     5428.4000
   19239.44709     5841.6000    23889.6000     5481.4000
   19242.56808     5838.6000    23908.6000     5514.4000
   19245.70367     5835.6000    23923.6000     5547.4000
   19248.85386     5832.6000    23964.6000     5593.4000
   19252.03315     5792.6000    23898.6000     5615.4000
   19255.21979     5825.6000    24122.6000     5694.4000
   19258.43553     5822.6000    24160.6000     5725.4000
   19261.66588     5817.6000    24131.6000     5735.4000
   19264.91809     5814.6000    24064.6000     5733.4000
   19268.18490     5808.6000    23996.6000     5714.4000
   19271.47357     5802.6000    23897.6000     5676.4000
   19274.78411     5799.6000    23803.6000     5633.4000
   19278.10925     5795.6000    23737.6000     5598.4000
   19281.45626     5792.6000    23684.6000     5568.4000
   19284.81787     5788.6000    23651.6000     5544.4000
   19289.39214     8677.4000    35489.4000     8296.6000
   19292.79753     8668.4000    35518.4000     8289.6000
   19296.22479     8657.4000    35577.4000     8298.6000
   19299.67393     8645.4000    35618.4000     8305.6000
   19303.14494     8621.4000    35584.4000     8305.6000
   19306.63058     8539.4000    35281.4000     8248.6000
   19310.13083     8495.4000    35211.4000     8253.6000
   19313.65296     8651.4000    35890.4000     8429.6000
   19317.19697     8640.4000    35901.4000     8448.6000
   19320.76287     8631.4000    35913.4000     8464.6000
   19324.34340     8620.4000    35906.4000     8482.6000
   19327.93855     8617.4000    35944.4000     8518.6000
   19331.56285     8612.4000    35957.4000     8549.6000
   19335.20178     8594.4000    35909.4000     8564.6000
   19338.85534     8598.4000    35944.4000     8588.6000
   19342.53079     8591.4000    35937.4000     8601.6000
   19346.22814     8584.4000    35946.4000     8614.6000
   19349.94012     8577.4000    35957.4000     8630.6000
   19353.67400     8570.4000    35944.4000     8637.6000
   19357.42979     8562.4000    35903.4000     8631.6000
   19361.20021     8550.4000    35809.4000     8608.6000
   19364.98527     8541.4000    35730.4000     8579.6000
   19368.79950     8542.4000    35755.4000     8582.6000
   19372.62838     8536.4000    35804.4000     8592.6000
   19376.47190     8532.4000    35903.4000     8622.6000
   19380.33733     8526.4000    36024.4000     8655.6000
   19384.22467     8521.4000    36162.4000     8694.6000
   19388.13393     8514.4000    36249.4000     8718.6000
   19392.05784     8507.4000    36295.4000     8728.6000
   19395.99640     8500.4000    36300.4000     8726.6000
   19399.95688     8485.4000    36240.4000     8709.6000
   19403.93928     8486.4000    36251.4000     8716.6000
   19407.94360     8478.4000    36211.4000     8714.6000
   19411.96258     8470.4000    36150.4000     8712.6000
   19415.99623     8423.4000    35909.4000     8668.6000
   19420.05180     8453.4000    36013.4000     8710.6000
   19424.12930     8453.4000    36006.4000     8730.6000
   19428.22873     8445.4000    35985.4000     8743.6000
   19432.34283     8439.4000    35962.4000     8754.6000
   19436.47159     8430.4000    35941.4000     8759.6000
   19440.62957     8418.4000    35914.4000     8763.6000
   19444.79494     8408.4000    35929.4000     8776.6000
   19448.98952     8362.4000    35771.4000     8744.6000
   19453.19878     8344.4000    35763.4000     8747.6000
   19457.42272     8401.4000    36041.4000     8821.6000
   19461.67587     8374.4000    35972.4000     8814.6000
   19465.94369     8389.4000    36097.4000     8851.6000
   19470.22620     8384.4000    36131.4000     8868.6000
   19474.53066     8375.4000    36155.4000     8882.6000
   19478.85708     8368.4000    36199.4000     8900.6000
   19483.19818     8361.4000    36246.4000     8915.6000
   19487.56124     8341.4000    36219.4000     8912.6000
   19491.93898     8340.4000    36272.4000     8930.6000
   19496.33869     8333.4000    36257.4000     8935.6000
   19500.76036     8332.4000    36256.4000     8939.6000
   19505.19673     8323.4000    36201.4000     8933.6000
   19509.65506     8317.4000    36159.4000     8923.6000
   19514.12809     8305.4000    36099.4000     8911.6000
   19518.62309     8302.4000    36109.4000     8916.6000
   19523.14007     8254.4000    35962.4000     8881.6000
   19527.67175     8285.4000    36182.4000     8941.6000
   19532.22540     8285.4000    36272.4000     8979.6000
   19536.80103     8278.4000    36288.4000     8999.6000
   19541.39137     8266.4000    36267.4000     9014.6000
   19545.99642     8261.4000    36267.4000     9036.6000
   19550.62345     8251.4000    36261.4000     9051.6000
   19555.27248     8243.4000    36296.4000     9073.6000
   19559.94349     8241.4000    36353.4000     9099.6000
   19564.62921     8232.4000    36383.4000     9118.6000
   19569.32965     8225.4000    36388.4000     9128.6000
   19574.05209     8218.4000    36370.4000     9135.6000
   19578.79653     8210.4000    36353.4000     9137.6000
   19583.56296     8200.4000    36336.4000     9141.6000
   19588.34412     8195.4000    36325.4000     9142.6000
   19593.14001     8181.4000    36298.4000     9138.6000
   19597.95790     8179.4000    36329.4000     9155.6000
   19602.79779     8169.4000    36326.4000     9159.6000
   19607.65242     8159.4000    36322.4000     9164.6000
   19612.52906     8154.4000    36332.4000     9173.6000
   19617.42772     8148.4000    36339.4000     9181.6000
   19622.34111     8140.4000    36317.4000     9182.6000
   19627.27652     8132.4000    36293.4000     9184.6000
   19632.22667     8117.4000    36255.4000     9180.6000
   19637.19884     7850.4000    35083.4000     8891.6000
   19642.19303     8114.4000    36334.4000     9219.6000
   19647.20198     8108.4000    36389.4000     9247.6000
   19652.22566     8098.4000    36402.4000     9263.6000
   19657.27866     8086.4000    36399.4000     9276.6000
   19662.33913     8076.4000    36406.4000     9291.6000
   19667.42892     8051.4000    36328.4000     9286.6000
   19672.53346     7916.4000    35738.4000     9149.6000
   19677.66004     8068.4000    36494.4000     9353.6000
   19682.80138     8058.4000    36496.4000     9366.6000
   19687.96476     8049.4000    36501.4000     9377.6000
   19693.14291     8036.4000    36494.4000     9391.6000
   19698.34310     8031.4000    36512.4000     9403.6000
   19703.56534     8022.4000    36506.4000     9413.6000
   19708.80235     8013.4000    36500.4000     9420.6000
   19714.06142     8006.4000    36508.4000     9426.6000
   19719.33526     7998.4000    36512.4000     9434.6000
   19724.63115     7989.4000    36528.4000     9443.6000
   19729.94182     7972.4000    36511.4000     9445.6000
   19735.27455     7962.4000    36509.4000     9455.6000
   19740.62935     7966.4000    36572.4000     9482.6000
   19745.99893     7956.4000    36553.4000     9484.6000
   19751.39058     7947.4000    36548.4000     9493.6000
   19756.80430     7939.4000    36539.4000     9503.6000
   19762.23281     7932.4000    36557.4000     9517.6000
   19767.67611     7923.4000    36574.4000     9533.6000
   19773.14877     7913.4000    36591.4000     9551.6000
   19778.62894     7905.4000    36607.4000     9570.6000
   19784.13848     7896.4000    36625.4000     9588.6000
   19789.66282     7887.4000    36620.4000     9596.6000
   19795.20195     7878.4000    36623.4000     9617.6000
   19800.76318     7869.4000    36624.4000     9625.6000
   19806.34649     7860.4000    36608.4000     9637.6000
   19811.94462     7847.4000    36583.4000     9637.6000
   19817.56484     7668.4000    35821.4000     9448.6000
   19823.20715     7841.4000    36636.4000     9674.6000
   19828.86428     7834.4000    36657.4000     9685.6000
   19834.53622     7823.4000    36650.4000     9695.6000
   19840.23027     7813.4000    36641.4000     9704.6000
   19845.94642     7799.4000    36627.4000     9710.6000
   19851.67740     7792.4000    36628.4000     9721.6000
   19857.43048     7700.4000    36260.4000     9632.6000
   19863.20568     7787.4000    36696.4000     9760.6000
   19868.99571     7777.4000    36707.4000     9771.6000
   19874.80785     7752.4000    36641.4000     9765.6000
   19880.63483     7758.4000    36718.4000     9793.6000
   19886.48393     7747.4000    36717.4000     9806.6000
   19892.34786     7724.4000    36659.4000     9800.6000
   19898.23392     7730.4000    36729.4000     9829.6000
   19904.14211     7717.4000    36714.4000     9837.6000
   19910.06514     7714.4000    36752.4000     9860.6000
   19916.01031     7704.4000    36763.4000     9876.6000
   19921.97032     7693.4000    36768.4000     9890.6000
   19927.95247     7683.4000    36783.4000     9908.6000
   19933.94947     7674.4000    36783.4000     9922.6000
   19939.96861     7649.4000    36701.4000     9911.6000
   19946.00991     7655.4000    36769.4000     9941.6000
   19952.06605     7649.4000    36772.4000     9953.6000
   19958.14435     7634.4000    36750.4000     9960.6000
   19964.23751     7628.4000    36774.4000     9976.6000
   19970.35282     7580.4000    36572.4000     9936.6000
   19976.48300     7614.4000    36789.4000    10003.6000
   19982.63533     7606.4000    36793.4000    10014.6000
   19988.80984     7595.4000    36781.4000    10024.6000
   19994.99921     7587.4000    36786.4000    10035.6000
   20001.21075     7576.4000    36788.4000    10048.6000
   20007.43716     7558.4000    36749.4000    10049.6000
   20013.68575     7557.4000    36803.4000    10077.6000
   20019.95651     7546.4000    36796.4000    10085.6000
   20026.24216     7538.4000    36804.4000    10099.6000
   20032.54268     7524.4000    36787.4000    10108.6000
   20038.87269     7513.4000    36781.4000    10117.6000
   20045.21028     7427.4000    36424.4000    10032.6000
   20051.57737     7508.4000    36849.4000    10159.6000
   20057.95204     7493.4000    36814.4000    10162.6000
   20064.35621     7478.4000    36790.4000    10167.6000
   20070.77527     7473.4000    36806.4000    10183.6000
   20077.21653     7461.4000    36801.4000    10195.6000
   20083.67269     7452.4000    36809.4000    10209.6000
   20090.15106     7399.4000    36582.4000    10159.6000
   20096.64432     7435.4000    36821.4000    10240.6000
   20103.15980     7423.4000    36819.4000    10253.6000
   20109.69018     7415.4000    36827.4000    10268.6000
   20116.24278     7406.4000    36839.4000    10280.6000
   20122.81759     7388.4000    36801.4000    10282.6000
   20129.40732     7376.4000    36788.4000    10294.6000
   20136.01927     7371.4000    36818.4000    10312.6000
   20142.64613     7350.4000    36779.4000    10314.6000
   20149.29522     7356.4000    36859.4000    10348.6000
   20155.95924     7352.4000    36883.4000    10366.6000
   20162.64548     7335.4000    36840.4000    10365.6000
   20169.35397     7335.4000    36893.4000    10394.6000
   20176.07737     7323.4000    36879.4000    10399.6000
   20182.81571     7308.4000    36856.4000    10407.6000
   20189.58361     7294.4000    36830.4000    10415.6000
   20196.35912     7263.4000    36730.4000    10398.6000
   20203.16420     7110.4000    36004.4000    10207.6000
   20209.98421     7277.4000    36880.4000    10467.6000
   20216.81916     7265.4000    36871.4000    10477.6000
   20223.67637     7259.4000    36886.4000    10495.6000
   20230.55584     7251.4000    36906.4000    10514.6000
   20237.45026     7243.4000    36912.4000    10528.6000
   20244.36694     7233.4000    36919.4000    10543.6000
   20251.29857     7226.4000    36929.4000    10557.6000
   20258.25247     7207.4000    36889.4000    10560.6000
   20265.22132     7206.4000    36927.4000    10583.6000
   20272.21245     7189.4000    36900.4000    10588.6000
   20279.22586     7189.4000    36952.4000    10616.6000
   20286.25423     7179.4000    36962.4000    10631.6000
