263	
I_Sr-backgrSr EXAFS (no background)	
1.9	0.91421721
1.95	0.745727815
2	0.5960285912
2.05	0.469027639
2.1	0.36810442
2.15	0.28924212
2.2	0.22930885
2.25	0.18478993
2.3	0.1522264
2.35	0.12785818
2.4	0.10359357
2.45	0.07150347
2.5	0.03145229
2.55	-0.00861059
2.6	-0.0451771
2.65	-0.076998085
2.7	-0.104526981
2.75	-0.124664633
2.8	-0.13269227
2.85	-0.12661518
2.9	-0.104738152
2.95	-0.0781932348
3	-0.0468183492
3.05	-0.0098823037
3.1	0.0291518035
3.15	0.073807568
3.2	0.118197696
3.25	0.163655431
3.3	0.204201505
3.35	0.216101271
3.4	0.182037778
3.45	0.12245361
3.5	0.057152744
3.55	0.017324804
3.6	-0.001643678
3.65	-0.0042788386
3.7	0.001592286
3.75	0.00761507
3.8	0.0053515561
3.85	-0.0092864018
3.9	-0.0299366881
3.95	-0.0566769147
4	-0.0797590526
4.05	-0.0940527434
4.1	-0.0979974897
4.15	-0.0925340223
4.2	-0.0810178058
4.25	-0.0687176479
4.3	-0.0592288242
4.35	-0.0517071834
4.4	-0.0422158321
4.45	-0.02459217117
4.5	0.00232119491
4.55	0.03833758641
4.6	0.07200156268
4.65	0.09662839904
4.7	0.10346491284
4.75	0.0892592894
4.8	0.0608277111
4.85	0.0315171711
4.9	0.0111710966
4.95	0.0020377356
5	2.98805999999999E-5
5.05	-6.684954E-4
5.1	-0.0043616589
5.15	-0.0098398206
5.2	-0.0156781131
5.25	-0.0176829046
5.3	-0.0146047966
5.35	-0.0088736278
5.4	-0.0046088161
5.45	-0.0041582157
5.5	-0.0070860679
5.55	-0.0106502784
5.6	-0.0110073338
5.65	-0.008043443
5.7	-0.0045001304
5.75	-0.0033723929
5.8	-0.0040935038
5.85	-0.00554631
5.9	-0.00719023934
5.95	-0.00888083712
6	-0.00992388709
6.05	-0.01073129552
6.1	-0.01058000017
6.15	-0.00768353635
6.2	-0.00182818398
6.25	0.00479926666
6.3	0.00885384813
6.35	0.006587426546
6.4	-7.7224777E-5
6.45	-0.006695163313
6.5	-0.008955295118
6.55	-0.00472409333
6.6	0.0051367319
6.65	0.0148188345
6.7	0.0227125008
6.75	0.02806366005
6.8	0.02807697097
6.85	0.02447844431
6.9	0.0174915478
6.95	0.00637034098
7	-0.01014030792
7.05	-0.02605154746
7.1	-0.03720148001
7.15	-0.04058272073
7.2	-0.03595025487
7.25	-0.02297992572
7.3	-0.01704529452
7.35	-0.00168001485
7.4	0.00845469064
7.45	0.01508950867
7.5	0.01942365139
7.55	0.02122814382
7.6	0.02020285472
7.65	0.0177520358
7.7	0.01438433882
7.75	0.0104705275
7.8	0.00806325868
7.85	0.00772474729
7.9	0.00840764099
7.95	0.00688381679
8	0.00240027133
8.05	-0.00502493044
8.1	-0.0108834203
8.15	-0.0138768818
8.2	-0.01473054901
8.25	-0.01471364219
8.3	-0.01322180462
8.35	-0.00945715734
8.4	-0.00368458603
8.45	0.00143532995
8.5	0.003570430438
8.55	0.003467050268
8.6	0.003296681877
8.65	0.0043882018953
8.7	0.005902010404
8.75	0.007065016439
8.8	0.00797149083
8.85	0.006745853103
8.9	0.004943120589
8.95	0.003037607417
9	-2.02026087E-4
9.05	-0.00541235049
9.1	-0.00918241617
9.15	-0.00895927729
9.2	-0.00576048443
9.25	-0.00173797805
9.3	0.00124157427
9.35	0.00191302615
9.4	5.118915E-4
9.45	-0.00139373904
9.5	-0.00280604337
9.55	-0.00325514651
9.6	-0.00270126034
9.65	-0.00160750112
9.7	-7.6426045E-4
9.75	-9.090003E-5
9.8	0.00123326347
9.85	0.00318052264
9.9	0.005149554
9.95	0.00627355038
10	0.0059360352
10.05	0.00445077959
10.1	0.00212966449
10.15	-0.00122134119
10.2	-0.00473692051
10.25	-0.00656447064
10.3	-0.005874180355
10.35	-0.003484092825
10.4	-0.001128949621
10.45	4.13588505E-4
10.5	0.001029213401
10.55	0.001079518318
10.6	0.001154641002
10.65	0.001197008104
10.7	0.001122162451
10.75	9.01607753E-4
10.8	5.58585447E-4
10.85	5.65355224E-4
10.9	0.001108174071
10.95	0.0018073922775
11	0.0025075659018
11.05	0.0029080445727
11.1	0.002498384519
11.15	0.001151395969
11.2	-3.81138767E-4
11.25	-0.001945600494
11.3	-0.003222379888
11.35	-0.003318595642
11.4	-0.002701528622
11.45	-0.002637276592
11.5	-0.003088952215
11.55	-0.003157170458
11.6	-0.002467828983
11.65	-8.23032047E-4
11.7	0.001077287858
11.75	0.002247750895
11.8	0.002670485492
11.85	0.002604761882
11.9	0.002414781403
11.95	0.002296187189
12	0.002267139875
12.05	0.002104624098
12.1	0.001219668293
12.15	-9.1329898E-5
12.2	-0.00101520267
12.25	-0.001302963537
12.3	-0.0011798628
12.35	-0.001096995313
12.4	-0.001191141842
12.45	-0.001363619851
12.5	-0.001452676904
12.55	-0.001179941565
12.6	-5.7327498E-4
12.65	1.71302828E-4
12.7	5.70496434E-4
12.75	5.99054163E-4
12.8	7.11691501E-4
12.85	0.001033662973
12.9	0.001374911945
12.95	0.0015877544923
13	0.0016766142505
13.05	0.0014231912551
13.1	8.284285515E-4
13.15	-5.591150446E-4
13.2	-6.116665979E-4
13.25	-8.1270268289E-4
13.3	-0.00174498148395
13.35	-0.0016892932556
13.4	-0.0013617875324
13.45	-0.0010375884789
13.5	-8.908521794E-4
13.55	-7.345856586E-4
13.6	-3.898882808E-4
13.65	1.437344293E-4
13.7	5.455495905E-4
13.75	7.669690141E-4
13.8	7.82942854E-4
13.85	5.6720896731E-4
13.9	3.955360212E-4
13.95	5.443698528E-4
14	9.44684069E-4
14.05	0.001037226418
14.1	8.0212585E-5
14.15	5.1813996E-5
14.2	3.14740485E-4
14.25	-2.9880147E-5
14.3	-1.21605975E-4
14.35	-3.7083273E-4
14.4	-3.6113429E-4
14.45	-4.0426916E-4
14.5	-5.2686489E-4
14.55	-5.1848772E-4
14.6	-3.93040255E-4
14.65	-3.59313163E-4
14.7	-3.53942179E-4
14.75	-3.57340236E-4
14.8	-5.00551359E-4
14.85	-6.59620993E-4
14.9	-9.4902102E-4
14.95	-0.00116331479
15	-0.00110308635
