XDAC V1.2 Datafile V1
"sr_san.001" created on 9/22/07 at 2:58:38 PM on X-23A2
Ring energy= 2.80 GeV
E0= 16105.00
NUM_REGIONS= 4
SRB= -150 -20 30 300 1000
SRSS= 5 1 0.05k 0.05k
SPP= 1 1 2 3
Settling time= 0.30


Offsets= 117.80 82.20 193.40
Gains= 7.00 8.00 8.00



--------------------------------------------------------------------------------
        Energy            I0            It          Iref
   15954.99938     4300.2000    32204.8000    10253.6000
   15960.00073     4328.2000    32446.8000    10338.6000
   15965.00240     4325.2000    32449.8000    10351.6000
   15969.99737     4326.2000    32478.8000    10369.6000
   15974.99968     4321.2000    32484.8000    10380.6000
   15980.00231     4320.2000    32490.8000    10396.6000
   15984.99823     4316.2000    32491.8000    10407.6000
   15990.00150     4311.2000    32478.8000    10414.6000
   15994.99805     4305.2000    32466.8000    10420.6000
   16000.00196     4300.2000    32453.8000    10426.6000
   16004.99915     4297.2000    32455.8000    10436.6000
   16009.99665     4294.2000    32450.8000    10446.6000
   16015.00151     4292.2000    32449.8000    10455.6000
   16019.99965     4290.2000    32454.8000    10467.6000
   16024.99810     4282.2000    32413.8000    10465.6000
   16029.99687     4282.2000    32432.8000    10480.6000
   16035.00299     4272.2000    32363.8000    10467.6000
   16040.00240     4273.2000    32391.8000    10488.6000
   16045.00211     4270.2000    32371.8000    10490.6000
   16050.00215     4266.2000    32342.8000    10494.6000
   16055.00249     4262.2000    32303.8000    10492.6000
   16060.00315     4260.2000    32274.8000    10491.6000
   16064.99709     4258.2000    32229.8000    10487.6000
   16069.99838     4254.2000    32160.8000    10474.6000
   16074.99999     4244.2000    32004.8000    10435.6000
   16080.00190     4246.2000    31915.8000    10415.6000
   16084.99709     4242.2000    31685.8000    10350.6000
   16086.00321     4234.2000    31575.8000    10316.6000
   16087.00229     4232.2000    31513.8000    10297.6000
   16088.00140     4235.2000    31482.8000    10287.6000
   16089.00051     4240.2000    31453.8000    10282.6000
   16089.99963     4239.2000    31379.8000    10257.6000
   16090.99877     4238.2000    31278.8000    10228.6000
   16091.99792     4238.2000    31183.8000    10198.6000
   16092.99709     4239.2000    31069.8000    10163.6000
   16094.00330     4239.2000    30931.8000    10118.6000
   16095.00249     4238.2000    30794.8000    10076.6000
   16096.00169     4236.2000    30626.8000    10023.6000
   16097.00090     4235.2000    30410.8000     9956.6000
   16098.00013     4233.2000    30082.8000     9850.6000
   16098.99937     4234.2000    29784.8000     9755.6000
   16099.99862     4234.2000    29477.8000     9653.6000
   16100.99788     4232.2000    28969.8000     9489.6000
   16101.99716     4232.2000    28099.8000     9205.6000
   16103.00348     4230.2000    27146.8000     8894.6000
   16104.00278     4231.2000    25901.8000     8488.6000
   16105.00210     4230.2000    24160.8000     7917.6000
   16106.00142     4230.2000    22121.8000     7251.6000
   16107.00076     4231.2000    19746.8000     6472.6000
   16108.00011     4231.2000    15958.8000     5229.6000
   16108.99947     4231.2000    13085.8000     4287.6000
   16109.99885     4231.2000    10030.8000     3285.6000
   16110.99823     4230.2000     8237.8000     2696.6000
   16111.99764     4231.2000     6728.8000     2201.6000
   16112.99705     4229.2000     5212.8000     1702.6000
   16114.00351     4228.2000     4000.8000     1305.6000
   16115.00295     4227.2000     3287.8000     1070.6000
   16116.00240     4226.2000     3513.8000     1145.6000
   16117.00186     4224.2000     4274.8000     1395.6000
   16118.00134     4223.2000     5676.8000     1856.6000
   16119.00082     4222.2000     6774.8000     2219.6000
   16120.00032     4221.2000     8075.8000     2648.6000
   16120.99983     4220.2000     9118.8000     2989.6000
   16121.99936     4219.2000     9836.8000     3228.6000
   16122.99890     4218.2000    10222.8000     3356.6000
   16123.99844     4217.2000    10371.8000     3404.6000
   16124.99801     4215.2000    10339.8000     3397.6000
   16125.99758     4208.2000    10188.8000     3348.6000
   16126.99717     4185.2000     9993.8000     3283.6000
   16127.99677     4157.2000     9946.8000     3269.6000
   16129.00342     4139.2000    10098.8000     3319.6000
   16130.00304     4153.2000    10345.8000     3401.6000
   16131.00268     4190.2000    10613.8000     3491.6000
   16132.00233     4217.2000    10844.8000     3566.6000
   16133.00199     4220.2000    10968.8000     3610.6000
   16134.00166     4218.2000    11003.8000     3621.6000
   16136.07849     8430.4000    21301.6000     7012.2000
   16137.17676     8427.4000    20497.6000     6750.2000
   16138.29617     8424.4000    19565.6000     6443.2000
   16139.42968     8421.4000    18629.6000     6134.2000
   16140.58433     8419.4000    17592.6000     5792.2000
   16141.76011     8418.4000    16787.6000     5528.2000
   16142.94999     8410.4000    15661.6000     5158.2000
   16144.16101     8409.4000    14878.6000     4898.2000
   16145.39318     8416.4000    14150.6000     4660.2000
   16146.64648     8414.4000    13315.6000     4386.2000
   16147.91389     8409.4000    13168.6000     4338.2000
   16149.20244     8403.4000    13943.6000     4596.2000
   16150.50510     8402.4000    15153.6000     4997.2000
   16151.83594     8399.4000    16363.6000     5401.2000
   16153.18089     8395.4000    17169.6000     5668.2000
   16154.54698     8375.4000    17531.6000     5789.2000
   16155.92719     8303.4000    17457.6000     5766.2000
   16157.32854     8305.4000    17386.6000     5744.2000
   16158.75104     8358.4000    17414.6000     5755.2000
   16160.19470     8375.4000    17592.6000     5815.2000
   16161.65246     8381.4000    17981.6000     5948.2000
   16163.13138     8381.4000    18456.6000     6105.2000
   16164.63145     8381.4000    19232.6000     6364.2000
   16166.14564     8379.4000    19792.6000     6552.2000
   16167.68098     8377.4000    20165.6000     6679.2000
   16169.23749     8372.4000    20274.6000     6717.2000
   16170.80810     8369.4000    20151.6000     6678.2000
   16172.39988     8366.4000    19885.6000     6593.2000
   16174.01282     8365.4000    19603.6000     6503.2000
   16175.64693     8365.4000    19432.6000     6447.2000
   16177.29515     8362.4000    19272.6000     6394.2000
   16178.96454     8358.4000    19073.6000     6329.2000
   16180.65510     8354.4000    18633.6000     6185.2000
   16182.35977     8352.4000    18026.6000     5986.2000
   16184.08562     8351.4000    17244.6000     5728.2000
   16185.83264     8350.4000    16561.6000     5502.2000
   16187.59378     8344.4000    16097.6000     5348.2000
   16189.38315     8340.4000    16057.6000     5335.2000
   16191.17959     8340.4000    16423.6000     5461.2000
   16193.00426     8338.4000    17062.6000     5675.2000
   16194.84306     8334.4000    17721.6000     5897.2000
   16196.70303     8329.4000    18160.6000     6048.2000
   16198.58419     8325.4000    18358.6000     6115.2000
   16200.47948     8323.4000    18410.6000     6136.2000
   16202.39595     8322.4000    18452.6000     6151.2000
   16204.33361     8319.4000    18563.6000     6189.2000
   16206.29245     8314.4000    18715.6000     6242.2000
   16208.26543     8263.4000    18759.6000     6261.2000
   16210.25959     8262.4000    18818.6000     6281.2000
   16212.26790     8304.4000    18857.6000     6298.2000
   16214.29740     8304.4000    18745.6000     6262.2000
   16216.34809     8292.4000    18648.6000     6230.2000
   16218.41998     8290.4000    18663.6000     6239.2000
   16220.50601     8289.4000    18768.6000     6278.2000
   16222.61324     8277.4000    18849.6000     6306.2000
   16224.74167     8285.4000    18879.6000     6319.2000
   16226.88424     8285.4000    18819.6000     6301.2000
   16229.04802     8281.4000    18756.6000     6285.2000
   16231.23300     8276.4000    18756.6000     6285.2000
   16233.43919     8264.4000    18772.6000     6294.2000
   16235.65953     8264.4000    18835.6000     6316.2000
   16237.90108     8266.4000    18893.6000     6339.2000
   16240.15679     8264.4000    18950.6000     6362.2000
   16242.44076     8253.4000    18970.6000     6370.2000
   16244.73889     8254.4000    19016.6000     6389.2000
   16247.05118     8246.4000    19009.6000     6389.2000
   16249.39174     8247.4000    18959.6000     6376.2000
   16251.74647     8244.4000    18818.6000     6329.2000
   16254.11536     8243.4000    18696.6000     6292.2000
   16256.51253     8237.4000    18616.6000     6267.2000
   16258.92387     8231.4000    18695.6000     6297.2000
   16261.35643     8228.4000    18881.6000     6362.2000
   16263.80316     8224.4000    19045.6000     6420.2000
   16266.27112     8217.4000    19090.6000     6439.2000
   16268.76031     8207.4000    18973.6000     6401.2000
   16271.27073     8168.4000    18656.6000     6300.2000
   16273.79533     8075.4000    18243.6000     6162.2000
   16276.34117     8176.4000    18326.6000     6193.2000
   16278.90824     8205.4000    18299.6000     6184.2000
   16281.48950     8199.4000    18325.6000     6199.2000
   16284.09199     8196.4000    18432.6000     6239.2000
   16286.71573     8191.4000    18616.6000     6301.2000
   16289.35366     8183.4000    18898.6000     6401.2000
   16292.01283     8169.4000    19309.6000     6544.2000
   16294.69325     8170.4000    19705.6000     6682.2000
   16297.38786     8161.4000    19964.6000     6776.2000
   16300.11078     8146.4000    20012.6000     6793.2000
   16302.84084     8118.4000    19840.6000     6737.2000
   16305.59921     7907.4000    19036.6000     6466.2000
   16308.37179     7764.4000    18602.6000     6325.2000
   16311.16562     8205.4000    19242.6000     6544.2000
   16313.98071     8187.4000    19011.6000     6468.2000
   16316.81001     8172.4000    18849.6000     6417.2000
   16319.66057     8158.4000    18739.6000     6384.2000
   16322.53240     8153.4000    18715.6000     6379.2000
   16325.41844     8150.4000    18768.6000     6400.2000
   16328.32575     8143.4000    18838.6000     6428.2000
   16331.25434     8137.4000    18927.6000     6461.2000
   16334.19714     8135.4000    19038.6000     6503.2000
   16337.16121     8130.4000    19099.6000     6527.2000
   16340.14657     8120.4000    19104.6000     6535.2000
   16343.14615     8112.4000    19092.6000     6531.2000
   16346.16701     8074.4000    19071.6000     6531.2000
   16349.20915     8093.4000    19261.6000     6597.2000
   16352.27258     8099.4000    19489.6000     6681.2000
   16355.35025     8092.4000    19623.6000     6729.2000
   16358.44920     8089.4000    19716.6000     6764.2000
   16361.56239     8079.4000    19730.6000     6777.2000
   16364.70393     8074.4000    19743.6000     6784.2000
   16367.85264     8068.4000    19710.6000     6777.2000
   16371.02972     8062.4000    19619.6000     6750.2000
   16374.22104     8059.4000    19497.6000     6709.2000
   16377.43367     8051.4000    19383.6000     6673.2000
   16380.66760     8042.4000    19341.6000     6662.2000
   16383.91577     8031.4000    19347.6000     6670.2000
   16387.18526     8019.4000    19349.6000     6675.2000
   16390.47606     7978.4000    19243.6000     6643.2000
   16393.78111     7434.4000    17924.6000     6190.2000
   16397.10748     8066.4000    19442.6000     6718.2000
   16400.45517     8062.4000    19443.6000     6721.2000
   16403.81712     8048.4000    19469.6000     6734.2000
   16408.38705    12050.6000    29298.4000    10144.8000
   16411.79876    12042.6000    29388.4000    10181.8000
   16415.22473    12032.6000    29572.4000    10252.8000
   16418.67911    12021.6000    29785.4000    10333.8000
   16422.14068    12011.6000    29865.4000    10367.8000
   16425.63066    12005.6000    29825.4000    10360.8000
   16429.13492    11994.6000    29689.4000    10315.8000
   16432.65345    11989.6000    29579.4000    10286.8000
   16436.20038    11976.6000    29510.4000    10268.8000
   16439.76160    11966.6000    29549.4000    10287.8000
   16443.34417    11959.6000    29631.4000    10323.8000
   16446.94102    11947.6000    29719.4000    10359.8000
   16450.55923    11942.6000    29777.4000    10388.8000
   16454.19879    11933.6000    29794.4000    10401.8000
   16457.85264    11913.6000    29754.4000    10393.8000
   16461.53492    11913.6000    29753.4000    10399.8000
   16465.22442    11907.6000    29760.4000    10407.8000
   16468.94236    11902.6000    29755.4000    10414.8000
   16472.67460    11890.6000    29708.4000    10404.8000
   16476.42821    11882.6000    29653.4000    10390.8000
   16480.19613    11876.6000    29614.4000    10384.8000
   16483.98542    11867.6000    29612.4000    10389.8000
   16487.79609    11859.6000    29677.4000    10418.8000
   16491.62813    11846.6000    29758.4000    10455.8000
   16495.47450    11837.6000    29889.4000    10513.8000
   16499.34224    11828.6000    30047.4000    10574.8000
   16503.22431    11813.6000    30157.4000    10618.8000
   16507.12776    11808.6000    30216.4000    10648.8000
   16511.05261    11802.6000    30184.4000    10643.8000
   16514.99885    11791.6000    30100.4000    10623.8000
   16518.95942    11780.6000    30047.4000    10612.8000
   16522.94139    11765.6000    30008.4000    10606.8000
   16526.93770    11765.6000    30050.4000    10628.8000
   16530.96248    11757.6000    30069.4000    10641.8000
   16534.99452    11750.6000    30093.4000    10657.8000
   16539.05505    11739.6000    30115.4000    10672.8000
   16543.12992    11729.6000    30144.4000    10689.8000
   16547.22621    11719.6000    30181.4000    10711.8000
   16551.33684    11710.6000    30214.4000    10730.8000
   16555.47597    11699.6000    30222.4000    10742.8000
   16559.62945    11689.6000    30219.4000    10750.8000
   16563.79728    11681.6000    30217.4000    10756.8000
   16567.98654    11672.6000    30218.4000    10763.8000
   16572.19724    11665.6000    30248.4000    10781.8000
   16576.42937    11652.6000    30295.4000    10805.8000
   16580.67586    11635.6000    30370.4000    10840.8000
   16584.93672    11639.6000    30479.4000    10889.8000
   16589.22610    11630.6000    30570.4000    10927.8000
   16593.52984    11622.6000    30629.4000    10958.8000
   16597.85504    11612.6000    30644.4000    10972.8000
   16602.19461    11602.6000    30647.4000    10980.8000
   16606.56272    11593.6000    30694.4000    11005.8000
   16610.93812    11585.6000    30737.4000    11029.8000
   16615.34207    11576.6000    30756.4000    11044.8000
   16619.76040    11569.6000    30748.4000    11049.8000
   16624.20019    11558.6000    30698.4000    11039.8000
   16628.65438    11548.6000    30665.4000    11036.8000
   16633.13003    11538.6000    30664.4000    11043.8000
   16637.62717    11529.6000    30688.4000    11061.8000
   16642.13869    11515.6000    30714.4000    11081.8000
   16646.67170    11506.6000    30749.4000    11101.8000
   16651.22620    11496.6000    30781.4000    11121.8000
   16655.79509    11489.6000    30814.4000    11141.8000
   16660.38548    11470.6000    30834.4000    11155.8000
   16664.99736    11467.6000    30939.4000    11203.8000
   16669.62365    11456.6000    31014.4000    11241.8000
   16674.27144    11447.6000    31066.4000    11270.8000
   16678.94073    11437.6000    31101.4000    11288.8000
   16683.62444    11427.6000    31123.4000    11307.8000
   16688.32965    11412.6000    31143.4000    11324.8000
   16693.05638    11407.6000    31186.4000    11348.8000
   16697.79754    11398.6000    31223.4000    11370.8000
   16702.56021    11384.6000    31242.4000    11389.8000
   16707.34440    11369.6000    31241.4000    11395.8000
   16712.14302    11344.6000    31202.4000    11392.8000
   16716.96317    11354.6000    31263.4000    11421.8000
   16721.79776    11342.6000    31284.4000    11438.8000
   16726.65388    11331.6000    31310.4000    11460.8000
   16731.53153    11320.6000    31332.4000    11476.8000
   16736.43073    11304.6000    31329.4000    11484.8000
   16741.34437    11291.6000    31345.4000    11499.8000
   16746.27247    11283.6000    31374.4000    11519.8000
   16751.22920    11267.6000    31391.4000    11536.8000
   16756.20039    11252.6000    31425.4000    11558.8000
   16761.19314    11146.6000    31215.4000    11489.8000
   16766.20035    11006.6000    30950.4000    11404.8000
   16771.22911    11160.6000    31397.4000    11574.8000
   16776.27235    11268.6000    31815.4000    11740.8000
   16781.34425    11245.6000    31817.4000    11750.8000
   16786.43062    11230.6000    31826.4000    11763.8000
   16791.53146    11217.6000    31831.4000    11774.8000
   16796.65388    11201.6000    31841.4000    11788.8000
   16801.79788    11188.6000    31857.4000    11804.8000
   16806.96346    11176.6000    31877.4000    11820.8000
   16812.14353    11165.6000    31884.4000    11834.8000
   16817.34519    11137.6000    31846.4000    11829.8000
   16822.56134    11140.6000    31902.4000    11859.8000
   16827.79908    11128.6000    31924.4000    11877.8000
   16833.05842    11112.6000    31939.4000    11895.8000
   16838.33226    11098.6000    31969.4000    11914.8000
   16843.62771    11085.6000    31992.4000    11935.8000
   16848.94476    11072.6000    32002.4000    11947.8000
   16854.27632    11048.6000    31971.4000    11947.8000
   16859.62950    11018.6000    31959.4000    11955.8000
   16865.00429    10749.6000    31291.4000    11715.8000
   16870.39360    11100.6000    32328.4000    12115.8000
   16875.80453    11049.6000    32265.4000    12101.8000
   16881.22999    11021.6000    32239.4000    12101.8000
   16886.67708    11006.6000    32265.4000    12122.8000
   16892.14579    10986.6000    32273.4000    12136.8000
   16897.62905    10809.6000    31798.4000    11970.8000
   16903.13394    10984.6000    32385.4000    12198.8000
   16908.66047    10950.6000    32347.4000    12197.8000
   16914.20154    10953.6000    32417.4000    12235.8000
   16919.76426    10932.6000    32404.4000    12239.8000
   16925.34864    10921.6000    32430.4000    12261.8000
   16930.94756    10919.6000    32485.4000    12293.8000
   16936.56815    10901.6000    32495.4000    12307.8000
   16942.20329    10894.6000    32539.4000    12334.8000
   16947.86009    10883.6000    32572.4000    12357.8000
   16953.53857    10869.6000    32603.4000    12380.8000
   16959.23161    10852.6000    32610.4000    12394.8000
   16964.94632    10847.6000    32650.4000    12421.8000
   16970.68271    10835.6000    32675.4000    12443.8000
   16976.43368    10824.6000    32703.4000    12463.8000
   16982.20633    10811.6000    32728.4000    12483.8000
   16987.99356    10793.6000    32724.4000    12494.8000
   16993.80248    10783.6000    32766.4000    12519.8000
   16999.63310    10778.6000    32824.4000    12553.8000
   17005.48542    10763.6000    32850.4000    12575.8000
   17011.35233    10753.6000    32884.4000    12599.8000
   17017.23383    10746.6000    32925.4000    12627.8000
   17023.13704    10734.6000    32952.4000    12650.8000
   17029.06197    10718.6000    32966.4000    12668.8000
   17035.00861    10695.6000    32953.4000    12676.8000
   17040.96985    10668.6000    32950.4000    12684.8000
   17046.95282    10683.6000    33048.4000    12736.8000
   17052.95040    10670.6000    33073.4000    12757.8000
   17058.96972    10620.6000    32986.4000    12735.8000
   17065.01076    10609.6000    32986.4000    12745.8000
   17071.06642    10643.6000    33176.4000    12835.8000
   17077.14383    10631.6000    33196.4000    12850.8000
   17083.23586    10620.6000    33223.4000    12876.8000
   17089.34964    10607.6000    33249.4000    12898.8000
   17095.48517    10571.6000    33201.4000    12893.8000
   17101.63534    10587.6000    33320.4000    12948.8000
   17107.80726    10575.6000    33352.4000    12974.8000
