 H   K   L   Q[A-1]   d[A]   Intensity   real(amp)   im(amp)
 -15   -9    0  6.2234  1.0096 0.303078E+02 -.550494E+01 0.585772E-01
 -15   -6   -6  6.1312  1.0248 0.103477E+03 -.991749E+01 0.226273E+01
 -15   -6   -3  5.8459  1.0748 0.104737E+03 0.733525E+01 0.713658E+01
 -15   -6    0  5.7477  1.0932 0.797923E+02 -.883377E+01 0.132547E+01
 -15   -6    3  5.8459  1.0748 0.260795E+03 0.159261E+02 0.267477E+01
 -15   -6    6  6.1312  1.0248 0.163030E+02 -.389381E+01 0.106831E+01
 -15   -3   -6  5.8459  1.0748 0.205335E+02 0.420258E+01 0.169462E+01
 -15   -3   -3  5.5460  1.1329 0.644111E+02 0.766138E+01 0.239047E+01
 -15   -3    0  5.4424  1.1545 0.149107E+03 0.121441E+02 0.127588E+01
 -15   -3    3  5.5460  1.1329 0.353269E+02 0.568328E+01 0.173990E+01
 -15   -3    6  5.8459  1.0748 0.133686E+03 0.115484E+02 -.566413E+00
 -15    0   -9  6.2234  1.0096 0.594282E+02 0.584437E+01 0.502709E+01
 -15    0   -6  5.7477  1.0932 0.138062E+03 0.465006E+01 0.107907E+02
 -15    0   -3  5.4424  1.1545 0.272931E+02 0.226345E+01 -.470849E+01
 -15    0    0  5.3367  1.1774 0.455109E+02 0.671102E+01 -.687864E+00
 -15    0    3  5.4424  1.1545 0.130830E+03 0.722070E+01 -.887081E+01
 -15    0    6  5.7477  1.0932 0.701543E+01 0.758595E+00 -.253771E+01
 -15    0    9  6.2234  1.0096 0.173644E+03 0.131438E+02 0.940634E+00
 -15    3   -6  5.8459  1.0748 0.212859E+02 0.365363E+01 0.281725E+01
 -15    3   -3  5.5460  1.1329 0.311570E+02 0.216555E+00 -.557764E+01
 -15    3    0  5.4424  1.1545 0.849613E+02 0.911616E+01 0.136268E+01
 -15    3    3  5.5460  1.1329 0.550842E+02 -.337107E+01 0.661211E+01
 -15    3    6  5.8459  1.0748 0.100426E+03 0.994194E+01 0.125861E+01
 -15    6   -6  6.1312  1.0248 0.601915E+02 0.754294E+01 0.181537E+01
 -15    6   -3  5.8459  1.0748 0.419083E+03 0.204634E+02 0.576073E+00
 -15    6    0  5.7477  1.0932 0.138558E+02 0.429114E+00 0.369752E+01
 -15    6    3  5.8459  1.0748 0.828454E+02 0.909284E+01 0.407056E+00
 -15    6    6  6.1312  1.0248 0.218596E+03 0.101710E+02 0.107307E+02
 -15    9    0  6.2234  1.0096 0.695146E+02 0.442071E+01 -.706908E+01
 -12  -12   -3  6.1309  1.0248 0.314365E+03 0.177154E+02 0.727945E+00
 -12  -12    0  6.0373  1.0407 0.222133E+03 0.315438E+01 -.145665E+02
 -12  -12    3  6.1309  1.0248 0.828975E+02 0.783220E+01 0.464265E+01
 -12   -9   -9  6.2231  1.0097 0.638993E+02 0.214291E+01 -.770112E+01
 -12   -9   -6  5.7474  1.0932 0.132210E+02 -.963124E+00 0.350619E+01
 -12   -9   -3  5.4421  1.1546 0.820561E+02 0.898530E+01 -.114913E+01
 -12   -9    0  5.3364  1.1774 0.889601E+01 -.216230E-03 0.298262E+01
 -12   -9    3  5.4421  1.1546 0.128294E+03 0.111256E+02 -.212506E+01
 -12   -9    6  5.7474  1.0932 0.985934E+01 0.121057E+01 -.289722E+01
 -12   -9    9  6.2231  1.0097 0.150370E+02 -.724025E+00 0.380956E+01
 -12   -6   -9  5.7474  1.0932 0.214558E+03 -.118629E+02 0.859242E+01
 -12   -6   -6  5.2286  1.2017 0.147201E+03 0.109278E+02 -.527109E+01
 -12   -6   -3  4.8910  1.2846 0.184536E+02 0.326306E+01 -.279393E+01
 -12   -6    0  4.7731  1.3164 0.851956E+03 0.289458E+02 0.375421E+01
 -12   -6    3  4.8910  1.2846 0.501248E+02 -.113746E+01 0.698792E+01
 -12   -6    6  5.2286  1.2017 0.187968E+03 0.110746E+02 0.808221E+01
 -12   -6    9  5.7474  1.0932 0.725301E+02 0.752405E+01 -.398984E+01
 -12   -3  -12  6.1309  1.0248 0.124680E+03 -.109784E+02 -.203806E+01
 -12   -3   -9  5.4421  1.1546 0.440374E+03 0.204828E+02 -.456372E+01
 -12   -3   -6  4.8910  1.2846 0.504911E+02 -.496130E+01 0.508691E+01
 -12   -3   -3  4.5283  1.3875 0.780484E+03 0.279090E+02 -.125286E+01
 -12   -3    0  4.4007  1.4278 0.105887E+03 0.912631E+01 0.475368E+01
 -12   -3    3  4.5283  1.3875 0.137691E+04 0.370722E+02 0.159998E+01
 -12   -3    6  4.8910  1.2846 0.128069E+03 0.112689E+02 0.103904E+01
 -12   -3    9  5.4421  1.1546 0.305824E+03 0.167571E+02 0.500240E+01
 -12   -3   12  6.1309  1.0248 0.133074E+02 -.196459E+00 -.364264E+01
 -12    0  -12  6.0373  1.0407 0.431699E+03 0.192436E+02 -.783474E+01
 -12    0   -9  5.3364  1.1774 0.156581E+03 -.633933E+01 0.107886E+02
 -12    0   -6  4.7731  1.3164 0.450214E+03 0.188641E+02 -.971388E+01
 -12    0   -3  4.4007  1.4278 0.138017E+03 0.953265E+01 -.686629E+01
 -12    0    0  4.2694  1.4717 0.277523E+04 0.526644E+02 -.130266E+01
 -12    0    3  4.4007  1.4278 0.106402E+03 0.102628E+02 0.103819E+01
 -12    0    6  4.7731  1.3164 0.944060E+03 0.306757E+02 -.174942E+01
 -12    0    9  5.3364  1.1774 0.519134E+02 0.656331E+01 -.297260E+01
 -12    0   12  6.0373  1.0407 0.495705E+03 0.220598E+02 -.301184E+01
 -12    3  -12  6.1309  1.0248 0.124819E+03 0.163834E+01 -.110515E+02
 -12    3   -9  5.4421  1.1546 0.116496E+03 0.100795E+02 0.386004E+01
 -12    3   -6  4.8910  1.2846 0.463992E+01 -.786983E+00 -.200514E+01
 -12    3   -3  4.5283  1.3875 0.117528E+04 0.342256E+02 -.197103E+01
 -12    3    0  4.4007  1.4278 0.447657E+02 -.351235E+01 -.569465E+01
 -12    3    3  4.5283  1.3875 0.124202E+04 0.351427E+02 0.264802E+01
 -12    3    6  4.8910  1.2846 0.507869E+02 0.182784E+01 0.688810E+01
 -12    3    9  5.4421  1.1546 0.244342E+03 0.136831E+02 0.755744E+01
 -12    3   12  6.1309  1.0248 0.563998E+02 -.615743E+01 0.429952E+01
 -12    6   -9  5.7474  1.0932 0.653837E+01 -.175323E+01 0.186133E+01
 -12    6   -6  5.2286  1.2017 0.366645E+03 0.184830E+02 0.500216E+01
 -12    6   -3  4.8910  1.2846 0.109189E+03 -.283526E+01 -.100574E+02
 -12    6    0  4.7731  1.3164 0.704819E+03 0.254731E+02 0.747937E+01
 -12    6    3  4.8910  1.2846 0.101797E+03 0.240822E+01 0.979784E+01
 -12    6    6  5.2286  1.2017 0.165704E+03 0.111532E+02 0.642729E+01
 -12    6    9  5.7474  1.0932 0.115578E+03 0.793058E+01 0.725833E+01
 -12    9   -9  6.2231  1.0097 0.981273E+02 0.893017E+01 -.428712E+01
 -12    9   -6  5.7474  1.0932 0.639234E+02 -.798313E+01 0.439285E+00
 -12    9   -3  5.4421  1.1546 0.346190E+03 0.178781E+02 -.515405E+01
 -12    9    0  5.3364  1.1774 0.119626E+02 -.136524E+01 -.317784E+01
 -12    9    3  5.4421  1.1546 0.459486E+03 0.212920E+02 0.247746E+01
 -12    9    6  5.7474  1.0932 0.153255E+03 0.113503E+02 -.494224E+01
 -12    9    9  6.2231  1.0097 0.543825E+02 0.262133E+01 0.689283E+01
 -12   12   -3  6.1309  1.0248 0.140598E+03 -.111936E+02 -.391172E+01
 -12   12    0  6.0373  1.0407 0.200327E+02 0.154966E+01 0.419895E+01
 -12   12    3  6.1309  1.0248 0.175852E+03 -.132546E+02 0.409119E+00
  -9  -15    0  6.2229  1.0097 0.174027E+02 0.336714E+01 -.246274E+01
  -9  -12   -9  6.2229  1.0097 0.469898E+03 0.175517E+02 -.127214E+02
  -9  -12   -6  5.7472  1.0933 0.150069E+03 0.114061E+02 0.446881E+01
  -9  -12   -3  5.4418  1.1546 0.648038E+03 0.252849E+02 -.295145E+01
  -9  -12    0  5.3362  1.1775 0.321573E+02 0.173571E+01 0.539857E+01
  -9  -12    3  5.4418  1.1546 0.616563E+03 0.241839E+02 -.563044E+01
  -9  -12    6  5.7472  1.0933 0.564792E+02 -.442335E+01 -.607562E+01
  -9  -12    9  6.2229  1.0097 0.294447E+03 0.127858E+02 -.114443E+02
  -9   -9  -12  6.2229  1.0097 0.231579E+02 0.372568E+01 -.304585E+01
  -9   -9   -9  5.5455  1.1330 0.157575E+03 0.180948E+01 0.124218E+02
  -9   -9   -6  5.0058  1.2552 0.636915E+02 0.615861E+01 -.507573E+01
  -9   -9   -3  4.6521  1.3506 0.186649E+02 0.345764E+01 -.259031E+01
  -9   -9    0  4.5280  1.3876 0.204830E+03 0.143034E+02 0.492341E+00
  -9   -9    3  4.6521  1.3506 0.607052E+02 -.771166E+01 0.111154E+01
  -9   -9    6  5.0058  1.2552 0.211142E+01 0.262776E+00 0.142911E+01
  -9   -9    9  5.5455  1.1330 0.515855E+02 -.589345E+01 -.410520E+01
  -9   -9   12  6.2229  1.0097 0.960629E+02 0.440405E+01 -.875599E+01
  -9   -6  -12  5.7472  1.0933 0.659973E+02 -.572646E+01 -.576238E+01
  -9   -6   -9  5.0058  1.2552 0.429292E+01 0.102904E+01 -.179833E+01
  -9   -6   -6  4.4004  1.4279 0.612179E+02 -.108459E+01 -.774865E+01
  -9   -6   -3  3.9934  1.5734 0.102322E+03 -.904857E+01 0.452161E+01
  -9   -6    0  3.8482  1.6328 0.180745E+02 -.262992E+01 0.334036E+01
  -9   -6    3  3.9934  1.5734 0.301794E+02 -.464380E+00 0.547392E+01
  -9   -6    6  4.4004  1.4279 0.915300E+01 0.218875E+01 -.208863E+01
  -9   -6    9  5.0058  1.2552 0.622526E+01 -.213635E+01 0.128890E+01
  -9   -6   12  5.7472  1.0933 0.125496E+03 -.100420E+02 0.496528E+01
  -9   -3  -12  5.4418  1.1546 0.517557E+03 0.227122E+02 -.130899E+01
  -9   -3   -9  4.6521  1.3506 0.231409E+02 -.370985E+01 0.306233E+01
  -9   -3   -6  3.9934  1.5734 0.121208E+03 -.767661E+01 -.789163E+01
  -9   -3   -3  3.5399  1.7750 0.379072E+02 0.424320E+01 -.446122E+01
  -9   -3    0  3.3752  1.8616 0.680944E+03 0.255547E+02 0.528231E+01
  -9   -3    3  3.5399  1.7750 0.457546E+02 0.431933E+01 0.520557E+01
  -9   -3    6  3.9934  1.5734 0.201581E+02 -.235083E+01 0.382515E+01
  -9   -3    9  4.6521  1.3506 0.461025E+02 0.518886E+01 -.437930E+01
  -9   -3   12  5.4418  1.1546 0.271224E+03 0.146872E+02 -.745051E+01
  -9    0  -15  6.2229  1.0097 0.259335E+03 0.693749E+01 -.145329E+02
  -9    0  -12  5.3362  1.1775 0.100959E+02 -.284933E+01 0.140613E+01
  -9    0   -9  4.5280  1.3876 0.339255E+03 0.165404E+02 -.810373E+01
  -9    0   -6  3.8482  1.6328 0.120190E+02 -.580293E+00 0.341793E+01
  -9    0   -3  3.3752  1.8616 0.562154E+03 0.229461E+02 -.596909E+01
  -9    0    0  3.2020  1.9623 0.268024E+02 -.791286E-01 -.517650E+01
  -9    0    3  3.3752  1.8616 0.971593E+03 0.311467E+02 -.121423E+01
  -9    0    6  3.8482  1.6328 0.411296E+02 0.633322E+01 -.100994E+01
  -9    0    9  4.5280  1.3876 0.424728E+03 0.205298E+02 0.180484E+01
  -9    0   12  5.3362  1.1775 0.404731E+02 -.560139E+01 0.301622E+01
  -9    0   15  6.2229  1.0097 0.131414E+03 0.692243E+01 -.913748E+01
  -9    3  -12  5.4418  1.1546 0.748797E+02 0.832434E+01 -.236329E+01
  -9    3   -9  4.6521  1.3506 0.125250E+02 -.352167E+00 0.352150E+01
  -9    3   -6  3.9934  1.5734 0.660118E+02 -.706967E+01 -.400395E+01
  -9    3   -3  3.5399  1.7750 0.776360E+02 -.456089E+01 -.753886E+01
  -9    3    0  3.3752  1.8616 0.735717E+03 0.270269E+02 -.229383E+01
  -9    3    3  3.5399  1.7750 0.220803E+02 -.469875E+01 -.451487E-01
  -9    3    6  3.9934  1.5734 0.173080E+02 -.116965E+01 -.399248E+01
  -9    3    9  4.6521  1.3506 0.426710E+02 -.430370E+01 0.491418E+01
  -9    3   12  5.4418  1.1546 0.308973E+03 0.172630E+02 -.331102E+01
  -9    6  -12  5.7472  1.0933 0.800024E+01 0.210830E+00 -.282060E+01
  -9    6   -9  5.0058  1.2552 0.370258E+02 0.372671E+01 0.481014E+01
  -9    6   -6  4.4004  1.4279 0.766434E+01 -.267819E+01 -.701168E+00
  -9    6   -3  3.9934  1.5734 0.129444E+02 -.230912E+01 -.275905E+01
  -9    6    0  3.8482  1.6328 0.138904E+02 -.372476E+01 0.128680E+00
  -9    6    3  3.9934  1.5734 0.185860E+02 -.341240E+01 -.263468E+01
  -9    6    6  4.4004  1.4279 0.110643E+02 -.147257E+00 0.332305E+01
  -9    6    9  5.0058  1.2552 0.413756E+02 -.362648E+01 -.531265E+01
  -9    6   12  5.7472  1.0933 0.107635E+03 -.862812E+01 0.576115E+01
  -9    9  -12  6.2229  1.0097 0.952308E+02 0.472569E+01 -.853807E+01
  -9    9   -9  5.5455  1.1330 0.131709E+03 -.103989E+02 0.485510E+01
  -9    9   -6  5.0058  1.2552 0.792091E+02 0.402564E+01 -.793746E+01
  -9    9   -3  4.6521  1.3506 0.462543E+01 -.616514E+00 -.206042E+01
  -9    9    0  4.5280  1.3876 0.701316E+02 0.827555E+01 -.128331E+01
  -9    9    3  4.6521  1.3506 0.384720E+02 0.147151E+01 0.602550E+01
  -9    9    6  5.0058  1.2552 0.143971E+03 0.118598E+02 -.182091E+01
  -9    9    9  5.5455  1.1330 0.799993E+01 -.276412E+01 -.599644E+00
  -9    9   12  6.2229  1.0097 0.116304E+03 0.831206E+01 -.687120E+01
  -9   12   -9  6.2229  1.0097 0.230195E+03 -.813667E+01 -.128058E+02
  -9   12   -6  5.7472  1.0933 0.637864E+02 -.404665E+01 0.688557E+01
  -9   12   -3  5.4418  1.1546 0.649015E+02 0.795014E+01 -.130263E+01
  -9   12    0  5.3362  1.1775 0.648598E+02 -.803661E+01 -.522132E+00
  -9   12    3  5.4418  1.1546 0.336393E+03 0.176179E+02 0.509923E+01
  -9   12    6  5.7472  1.0933 0.235033E+02 -.482837E+01 -.436082E+00
  -9   12    9  6.2229  1.0097 0.402934E+02 0.558475E+01 0.301727E+01
  -9   15    0  6.2229  1.0097 0.475925E+02 -.130554E+00 0.689749E+01
  -6  -15   -6  6.1306  1.0249 0.388124E+02 0.607759E+01 0.136945E+01
  -6  -15   -3  5.8453  1.0749 0.284089E+03 0.135036E+02 0.100867E+02
  -6  -15    0  5.7470  1.0933 0.556970E+02 -.663033E+00 0.743353E+01
  -6  -15    3  5.8453  1.0749 0.123489E+03 0.775578E+01 0.795845E+01
  -6  -15    6  6.1306  1.0249 0.224029E+02 -.391945E+01 0.265345E+01
  -6  -12   -9  5.7470  1.0933 0.211765E+02 0.459882E+01 -.165470E+00
  -6  -12   -6  5.2282  1.2018 0.495145E+03 0.220314E+02 0.312466E+01
  -6  -12   -3  4.8906  1.2848 0.139715E+01 -.495436E-01 -.118097E+01
  -6  -12    0  4.7727  1.3165 0.635362E+03 0.251548E+02 0.161155E+01
  -6  -12    3  4.8906  1.2848 0.190427E+02 -.431471E+01 -.652684E+00
  -6  -12    6  5.2282  1.2018 0.371170E+03 0.191971E+02 -.162554E+01
  -6  -12    9  5.7470  1.0933 0.251470E+03 -.143129E+02 0.682723E+01
  -6   -9  -12  5.7470  1.0933 0.466962E+01 -.206193E+01 0.646571E+00
  -6   -9   -9  5.0056  1.2552 0.275511E+02 0.384572E+01 0.357233E+01
  -6   -9   -6  4.4002  1.4279 0.203953E+02 -.924127E-01 -.451517E+01
  -6   -9   -3  3.9932  1.5735 0.692657E+02 -.620523E+01 0.554625E+01
  -6   -9    0  3.8479  1.6329 0.439732E+02 -.646085E+01 -.149355E+01
  -6   -9    3  3.9932  1.5735 0.139716E+02 0.186273E+01 0.324065E+01
  -6   -9    6  4.4002  1.4279 0.664586E+02 -.877237E+00 -.810488E+01
  -6   -9    9  5.0056  1.2552 0.417017E+02 0.522279E+01 -.379791E+01
  -6   -9   12  5.7470  1.0933 0.269339E+03 -.393635E+01 0.159325E+02
  -6   -6  -15  6.1306  1.0249 0.328463E+02 0.794017E+00 -.567590E+01
  -6   -6  -12  5.2282  1.2018 0.228063E+03 0.145533E+02 0.403273E+01
  -6   -6   -9  4.4002  1.4279 0.492010E+02 0.232681E+01 -.661717E+01
  -6   -6   -6  3.6970  1.6995 0.236229E+04 -.485878E+02 -.123255E+01
  -6   -6   -3  3.2017  1.9624 0.646064E+02 -.922610E+00 -.798469E+01
  -6   -6    0  3.0187  2.0814 0.766511E+03 -.273423E+02 0.434843E+01
  -6   -6    3  3.2017  1.9624 0.987273E+01 -.190269E+01 0.250050E+01
  -6   -6    6  3.6970  1.6995 0.228845E+04 -.477148E+02 0.342740E+01
  -6   -6    9  4.4002  1.4279 0.408294E+02 -.224246E+01 -.598338E+01
  -6   -6   12  5.2282  1.2018 0.289417E+03 0.170085E+02 -.357561E+00
  -6   -6   15  6.1306  1.0249 0.880589E+02 -.862449E+01 -.369824E+01
  -6   -3  -15  5.8453  1.0749 0.135888E+03 0.110898E+02 -.359217E+01
  -6   -3  -12  4.8906  1.2848 0.121971E+02 0.134667E+01 0.322235E+01
  -6   -3   -9  3.9932  1.5735 0.483932E+01 0.151640E+01 -.159369E+01
  -6   -3   -6  3.2017  1.9624 0.232879E+02 0.480550E+01 -.441651E+00
  -6   -3   -3  2.6143  2.4034 0.116206E+04 -.340589E+02 0.143219E+01
  -6   -3    0  2.3866  2.6327 0.214019E+02 -.308762E+01 0.344507E+01
  -6   -3    3  2.6143  2.4034 0.677983E+03 -.260373E+02 0.207623E+00
  -6   -3    6  3.2017  1.9624 0.105803E+01 0.728006E-01 -.102603E+01
  -6   -3    9  3.9932  1.5735 0.380288E+00 0.506996E+00 -.351060E+00
  -6   -3   12  4.8906  1.2848 0.486050E+02 -.663367E+01 0.214464E+01
  -6   -3   15  5.8453  1.0749 0.860362E+02 0.836210E+01 -.401390E+01
  -6    0  -15  5.7470  1.0933 0.480216E+02 0.835108E+00 0.687926E+01
  -6    0  -12  4.7727  1.3165 0.809341E+03 0.275102E+02 -.724788E+01
  -6    0   -9  3.8479  1.6329 0.132053E+03 0.735401E+01 0.883012E+01
  -6    0   -6  3.0187  2.0814 0.649753E+03 -.248286E+02 -.577013E+01
  -6    0   -3  2.3866  2.6327 0.176130E+01 0.132012E+01 -.136301E+00
  -6    0    0  2.1347  2.9434 0.129688E+04 0.360084E+02 -.527443E+00
  -6    0    3  2.3866  2.6327 0.394671E+00 0.354391E+00 0.518727E+00
  -6    0    6  3.0187  2.0814 0.454531E+03 -.212430E+02 -.180742E+01
  -6    0    9  3.8479  1.6329 0.564417E+02 0.364515E+01 0.656922E+01
  -6    0   12  4.7727  1.3165 0.144887E+04 0.379822E+02 0.249499E+01
  -6    0   15  5.7470  1.0933 0.489446E+02 0.599113E+01 0.361262E+01
  -6    3  -15  5.8453  1.0749 0.188830E+03 0.330526E+01 -.133381E+02
  -6    3  -12  4.8906  1.2848 0.236465E+02 -.485972E+01 0.172082E+00
  -6    3   -9  3.9932  1.5735 0.686047E+02 -.583068E+01 0.588284E+01
  -6    3   -6  3.2017  1.9624 0.464044E+02 0.644372E+01 -.220972E+01
  -6    3   -3  2.6143  2.4034 0.881202E+03 -.296346E+02 -.173059E+01
  -6    3    0  2.3866  2.6327 0.175007E+02 -.418337E+01 -.110420E-01
  -6    3    3  2.6143  2.4034 0.763002E+03 -.269642E+02 -.599447E+01
  -6    3    6  3.2017  1.9624 0.115876E+02 -.337395E+01 0.451743E+00
  -6    3    9  3.9932  1.5735 0.294384E+02 -.430889E+01 0.329725E+01
  -6    3   12  4.8906  1.2848 0.269441E+02 -.417862E+01 0.307948E+01
  -6    3   15  5.8453  1.0749 0.124957E+03 0.110302E+02 0.181431E+01
  -6    6  -15  6.1306  1.0249 0.980101E+02 -.760347E+01 0.634014E+01
  -6    6  -12  5.2282  1.2018 0.193619E+03 0.113352E+02 0.807048E+01
  -6    6   -9  4.4002  1.4279 0.195066E+02 -.108892E+01 -.428029E+01
  -6    6   -6  3.6970  1.6995 0.171278E+04 -.407639E+02 0.714785E+01
  -6    6   -3  3.2017  1.9624 0.342000E+02 0.535820E+01 -.234302E+01
  -6    6    0  3.0187  2.0814 0.941771E+03 -.306883E+02 0.448465E-01
  -6    6    3  3.2017  1.9624 0.157242E+02 0.260545E+01 0.298929E+01
  -6    6    6  3.6970  1.6995 0.179311E+04 -.419188E+02 -.599396E+01
  -6    6    9  4.4002  1.4279 0.147321E+02 -.318708E+01 0.213885E+01
  -6    6   12  5.2282  1.2018 0.317343E+03 0.174194E+02 -.372919E+01
  -6    6   15  6.1306  1.0249 0.669423E+02 0.458841E+01 -.677413E+01
  -6    9  -12  5.7470  1.0933 0.643224E+02 -.796988E+01 -.896318E+00
  -6    9   -9  5.0056  1.2552 0.359536E+02 0.594908E+01 -.749724E+00
  -6    9   -6  4.4002  1.4279 0.250815E+02 0.180864E+00 -.500488E+01
  -6    9   -3  3.9932  1.5735 0.286275E+02 -.514719E+01 -.146079E+01
  -6    9    0  3.8479  1.6329 0.731546E+02 0.854947E+01 -.247509E+00
  -6    9    3  3.9932  1.5735 0.310496E+01 0.175327E+01 0.176050E+00
  -6    9    6  4.4002  1.4279 0.390092E+02 0.444474E+01 0.438788E+01
  -6    9    9  5.0056  1.2552 0.162379E+03 0.127284E+02 -.606823E+00
  -6    9   12  5.7470  1.0933 0.641428E+02 -.797253E+01 0.762577E+00
  -6   12   -9  5.7470  1.0933 0.328642E+02 -.559945E+01 -.122898E+01
  -6   12   -6  5.2282  1.2018 0.162415E+03 0.125966E+02 -.193427E+01
  -6   12   -3  4.8906  1.2848 0.253102E+02 0.429778E+01 0.261520E+01
  -6   12    0  4.7727  1.3165 0.420261E+03 0.202395E+02 -.325952E+01
  -6   12    3  4.8906  1.2848 0.123907E+03 -.664382E+01 0.893120E+01
  -6   12    6  5.2282  1.2018 0.575111E+03 0.235716E+02 -.441481E+01
  -6   12    9  5.7470  1.0933 0.626039E+02 -.584352E+01 0.533453E+01
  -6   15   -6  6.1306  1.0249 0.225001E+02 0.367262E+01 0.300198E+01
  -6   15   -3  5.8453  1.0749 0.350369E+02 0.584015E+01 -.964123E+00
  -6   15    0  5.7470  1.0933 0.434317E+02 0.258731E+01 -.606115E+01
  -6   15    3  5.8453  1.0749 0.108225E+03 0.837240E+01 -.617479E+01
  -6   15    6  6.1306  1.0249 0.141299E+03 0.273070E+01 0.115690E+02
  -3  -15   -6  5.8452  1.0749 0.103746E+03 0.766656E+01 0.670593E+01
  -3  -15   -3  5.5452  1.1331 0.171089E+02 -.386672E+01 0.146881E+01
  -3  -15    0  5.4416  1.1547 0.867978E+02 0.517530E+01 0.774688E+01
  -3  -15    3  5.5452  1.1331 0.214563E+02 0.462613E+01 0.234953E+00
  -3  -15    6  5.8452  1.0749 0.211220E+03 0.125055E+02 0.740483E+01
  -3  -12  -12  6.1305  1.0249 0.166972E+02 -.407525E+01 0.299178E+00
  -3  -12   -9  5.4416  1.1547 0.114534E+03 0.795737E+01 0.715638E+01
  -3  -12   -6  4.8905  1.2848 0.170169E+02 -.184707E+01 -.368853E+01
  -3  -12   -3  4.5277  1.3877 0.102514E+04 0.315506E+02 0.544922E+01
  -3  -12    0  4.4001  1.4280 0.327994E+02 -.225730E+01 0.526346E+01
  -3  -12    3  4.5277  1.3877 0.164543E+04 0.403312E+02 0.433866E+01
  -3  -12    6  4.8905  1.2848 0.257933E+02 -.505771E+01 0.461392E+00
  -3  -12    9  5.4416  1.1547 0.421055E+03 0.204492E+02 0.169870E+01
  -3  -12   12  6.1305  1.0249 0.528041E+03 0.312039E+01 0.227663E+02
  -3   -9  -12  5.4416  1.1547 0.206462E+03 0.116659E+02 0.838866E+01
  -3   -9   -9  4.6518  1.3507 0.158571E+02 -.313392E+01 0.245677E+01
  -3   -9   -6  3.9931  1.5735 0.113692E+03 -.106623E+02 0.808292E-01
  -3   -9   -3  3.5395  1.7752 0.335688E+02 -.571531E+01 0.950791E+00
  -3   -9    0  3.3748  1.8618 0.868524E+03 0.294701E+02 -.186587E+00
  -3   -9    3  3.5395  1.7752 0.117411E+02 0.328457E+01 -.976041E+00
  -3   -9    6  3.9931  1.5735 0.812855E+02 -.763393E+01 0.479672E+01
  -3   -9    9  4.6518  1.3507 0.126985E+01 0.102477E+01 0.468717E+00
  -3   -9   12  5.4416  1.1547 0.483372E+03 0.204287E+02 0.812648E+01
  -3   -6  -15  5.8452  1.0749 0.805421E+02 0.487366E+01 0.753589E+01
  -3   -6  -12  4.8905  1.2848 0.117611E+03 -.104938E+02 0.273698E+01
  -3   -6   -9  3.9931  1.5735 0.707805E+02 -.764100E+01 0.352075E+01
  -3   -6   -6  3.2016  1.9625 0.175967E+02 -.191848E+01 -.373043E+01
  -3   -6   -3  2.6141  2.4036 0.953724E+03 -.308727E+02 0.776162E+00
  -3   -6    0  2.3864  2.6330 0.844156E+01 0.233158E+01 0.173358E+01
  -3   -6    3  2.6141  2.4036 0.729384E+03 -.269040E+02 0.235802E+01
  -3   -6    6  3.2016  1.9625 0.370585E+02 0.402240E+01 -.456933E+01
  -3   -6    9  3.9931  1.5735 0.857804E+02 -.780418E+01 0.498750E+01
  -3   -6   12  4.8905  1.2848 0.398711E+02 0.206983E+01 -.596548E+01
  -3   -6   15  5.8452  1.0749 0.138557E+03 0.107471E+02 0.480179E+01
  -3   -3  -15  5.5452  1.1331 0.502620E+02 0.448716E+01 0.548884E+01
  -3   -3  -12  4.5277  1.3877 0.169099E+04 0.408834E+02 0.441970E+01
  -3   -3   -9  3.5395  1.7752 0.501749E+02 0.667603E+01 0.236759E+01
  -3   -3   -6  2.6141  2.4036 0.573215E+03 -.239071E+02 -.128984E+01
  -3   -3   -3  1.8485  3.3991 0.167323E+01 0.961936E+00 0.864819E+00
  -3   -3    0  1.5093  4.1629 0.387133E+04 0.622170E+02 0.614361E+00
  -3   -3    3  1.8485  3.3991 0.817475E+00 -.625591E+00 0.652772E+00
  -3   -3    6  2.6141  2.4036 0.104844E+04 -.322438E+02 -.296376E+01
  -3   -3    9  3.5395  1.7752 0.138069E+02 -.185805E+01 -.321784E+01
  -3   -3   12  4.5277  1.3877 0.145582E+04 0.380841E+02 -.232911E+01
  -3   -3   15  5.5452  1.1331 0.167715E+02 0.216558E+01 -.347589E+01
  -3    0  -15  5.4416  1.1547 0.184112E+03 0.108539E+02 -.814284E+01
  -3    0  -12  4.4001  1.4280 0.440575E+02 -.449119E+01 0.488740E+01
  -3    0   -9  3.3748  1.8618 0.128802E+04 0.358835E+02 -.625965E+00
  -3    0   -6  2.3864  2.6330 0.423493E+02 0.589053E+01 0.276603E+01
  -3    0   -3  1.5093  4.1629 0.390913E+04 0.625206E+02 -.556463E+00
  -3    0    0  1.0673  5.8868 0.430965E+01 0.514759E+00 0.201114E+01
  -3    0    3  1.5093  4.1629 0.386323E+04 0.621437E+02 -.117795E+01
  -3    0    6  2.3864  2.6330 0.101277E+02 0.317747E+01 -.177020E+00
  -3    0    9  3.3748  1.8618 0.974412E+03 0.308651E+02 0.466427E+01
  -3    0   12  4.4001  1.4280 0.765406E+02 0.250698E+01 0.838186E+01
  -3    0   15  5.4416  1.1547 0.235510E+03 0.151210E+02 0.262013E+01
  -3    3  -15  5.5452  1.1331 0.130395E+03 -.110946E+02 0.270271E+01
  -3    3  -12  4.5277  1.3877 0.919939E+03 0.299865E+02 0.455531E+01
  -3    3   -9  3.5395  1.7752 0.120331E+02 -.233419E+01 -.256605E+01
  -3    3   -6  2.6141  2.4036 0.739022E+03 -.266990E+02 0.511725E+01
  -3    3   -3  1.8485  3.3991 0.167139E+01 -.128065E+01 0.176946E+00
  -3    3    0  1.5093  4.1629 0.366571E+04 0.605394E+02 -.836148E+00
  -3    3    3  1.8485  3.3991 0.166949E+01 -.126980E+01 0.238966E+00
  -3    3    6  2.6141  2.4036 0.847288E+03 -.291048E+02 0.445859E+00
  -3    3    9  3.5395  1.7752 0.363913E+02 0.302716E+01 0.521800E+01
  -3    3   12  4.5277  1.3877 0.113450E+04 0.332144E+02 0.559458E+01
  -3    3   15  5.5452  1.1331 0.846207E+02 0.913451E+01 0.108695E+01
  -3    6  -15  5.8452  1.0749 0.697192E+02 0.712534E+01 0.435302E+01
  -3    6  -12  4.8905  1.2848 0.101750E+03 -.927471E+01 0.396613E+01
  -3    6   -9  3.9931  1.5735 0.565593E+02 -.416906E+01 0.625926E+01
  -3    6   -6  3.2016  1.9625 0.482036E+02 0.963587E+00 -.687569E+01
  -3    6   -3  2.6141  2.4036 0.835298E+03 -.288626E+02 0.150013E+01
  -3    6    0  2.3864  2.6330 0.118697E+02 0.341919E+01 -.422919E+00
  -3    6    3  2.6141  2.4036 0.758575E+03 -.273808E+02 0.297796E+01
  -3    6    6  3.2016  1.9625 0.336136E+01 0.823686E+00 -.163796E+01
  -3    6    9  3.9931  1.5735 0.159077E+03 -.111519E+02 0.589177E+01
  -3    6   12  4.8905  1.2848 0.657914E+02 -.643526E+01 -.493749E+01
  -3    6   15  5.8452  1.0749 0.289158E+02 0.466888E+01 -.266784E+01
  -3    9  -12  5.4416  1.1547 0.849393E+02 0.772316E+01 0.502912E+01
  -3    9   -9  4.6518  1.3507 0.180244E+03 -.119669E+02 -.608582E+01
  -3    9   -6  3.9931  1.5735 0.259479E+02 -.501571E+01 0.889116E+00
  -3    9   -3  3.5395  1.7752 0.132544E+02 -.595041E+00 -.359171E+01
  -3    9    0  3.3748  1.8618 0.653421E+03 0.251740E+02 0.443714E+01
  -3    9    3  3.5395  1.7752 0.571545E+00 0.235522E+00 -.718383E+00
  -3    9    6  3.9931  1.5735 0.458468E+02 0.263578E-01 0.677097E+01
  -3    9    9  4.6518  1.3507 0.433456E+01 0.185690E+01 0.941522E+00
  -3    9   12  5.4416  1.1547 0.292885E+03 0.160166E+02 0.602940E+01
  -3   12  -12  6.1305  1.0249 0.877866E+01 0.120452E+01 -.270699E+01
  -3   12   -9  5.4416  1.1547 0.764100E+02 0.855221E+01 0.180823E+01
  -3   12   -6  4.8905  1.2848 0.875567E+02 -.911546E+01 0.211309E+01
  -3   12   -3  4.5277  1.3877 0.987832E+03 0.311820E+02 -.393912E+01
  -3   12    0  4.4001  1.4280 0.715775E+02 -.607852E+01 -.588465E+01
  -3   12    3  4.5277  1.3877 0.150510E+04 0.386898E+02 -.286400E+01
  -3   12    6  4.8905  1.2848 0.580693E+02 0.163338E+01 0.744321E+01
  -3   12    9  5.4416  1.1547 0.300356E+03 0.173307E+02 0.345538E-01
  -3   12   12  6.1305  1.0249 0.560199E+01 -.141384E+01 -.189817E+01
  -3   15   -6  5.8452  1.0749 0.591317E+02 0.703298E+01 -.310947E+01
  -3   15   -3  5.5452  1.1331 0.169557E+02 0.339690E+01 0.232740E+01
  -3   15    0  5.4416  1.1547 0.219290E+03 0.112294E+02 -.965354E+01
  -3   15    3  5.5452  1.1331 0.393992E+02 -.624532E+01 0.628591E+00
  -3   15    6  5.8452  1.0749 0.293893E+03 0.143007E+02 -.945430E+01
   0  -15   -9  6.2227  1.0097 0.348460E+02 0.658421E+00 0.586622E+01
   0  -15   -6  5.7469  1.0933 0.497081E+02 0.501962E+01 -.495091E+01
   0  -15   -3  5.4416  1.1547 0.247503E+03 0.148574E+02 0.517298E+01
   0  -15    0  5.3359  1.1775 0.719484E+02 -.292821E+01 0.796077E+01
   0  -15    3  5.4416  1.1547 0.215776E+03 0.131993E+02 0.644625E+01
   0  -15    6  5.7469  1.0933 0.168359E+03 -.926097E+01 -.908809E+01
   0  -15    9  6.2227  1.0097 0.674174E+02 0.414733E+01 0.708640E+01
   0  -12  -12  6.0369  1.0408 0.188863E+02 -.401175E+01 -.167097E+01
   0  -12   -9  5.3359  1.1775 0.129942E+02 0.307754E+01 0.187696E+01
   0  -12   -6  4.7726  1.3165 0.431030E+03 0.207488E+02 0.719495E+00
   0  -12   -3  4.4001  1.4280 0.127365E+03 -.106130E+02 0.383797E+01
   0  -12    0  4.2687  1.4719 0.290613E+04 0.537894E+02 0.358122E+01
   0  -12    3  4.4001  1.4280 0.394789E+02 -.628323E+01 -.305285E-02
   0  -12    6  4.7726  1.3165 0.583025E+03 0.238480E+02 0.378101E+01
   0  -12    9  5.3359  1.1775 0.203435E+03 -.121680E+02 0.744135E+01
   0  -12   12  6.0369  1.0408 0.447852E+02 0.660373E+01 0.108444E+01
   0   -9  -15  6.2227  1.0097 0.361543E+02 -.380103E+01 0.465903E+01
   0   -9  -12  5.3359  1.1775 0.184841E+03 -.111864E+02 0.772694E+01
   0   -9   -9  4.5276  1.3877 0.185673E+01 0.658835E+00 -.119275E+01
   0   -9   -6  3.8478  1.6329 0.608637E+01 -.100469E+01 0.225322E+01
   0   -9   -3  3.3747  1.8618 0.627881E+03 0.241894E+02 -.653872E+01
   0   -9    0  3.2015  1.9626 0.421365E+02 -.616192E+00 0.646195E+01
   0   -9    3  3.3747  1.8618 0.650366E+03 0.252838E+02 0.333101E+01
   0   -9    6  3.8478  1.6329 0.202548E+02 -.446627E+01 -.554263E+00
   0   -9    9  4.5276  1.3877 0.133123E+03 0.736292E+01 0.888313E+01
   0   -9   12  5.3359  1.1775 0.329918E+02 0.552395E+01 0.157410E+01
   0   -9   15  6.2227  1.0097 0.151475E+02 0.315702E+01 0.227613E+01
   0   -6  -15  5.7469  1.0933 0.715690E+02 -.838814E+01 0.109910E+01
   0   -6  -12  4.7726  1.3165 0.287475E+03 0.154763E+02 0.692529E+01
   0   -6   -9  3.8478  1.6329 0.442885E+01 -.210159E+01 0.110382E+00
   0   -6   -6  3.0184  2.0816 0.116418E+04 -.340724E+02 -.180317E+01
   0   -6   -3  2.3863  2.6330 0.330683E+01 -.166462E+01 0.732035E+00
   0   -6    0  2.1344  2.9438 0.151454E+04 0.389013E+02 0.110839E+01
   0   -6    3  2.3863  2.6330 0.170000E+01 0.122770E+01 -.439029E+00
   0   -6    6  3.0184  2.0816 0.138213E+04 -.370792E+02 0.269481E+01
   0   -6    9  3.8478  1.6329 0.344081E+02 -.383669E+01 -.443711E+01
   0   -6   12  4.7726  1.3165 0.453767E+03 0.213008E+02 0.211551E+00
   0   -6   15  5.7469  1.0933 0.220044E+03 0.393258E+01 -.143031E+02
   0   -3  -15  5.4416  1.1547 0.137719E+03 0.835098E+01 0.824500E+01
   0   -3  -12  4.4001  1.4280 0.180089E+02 -.424330E+01 -.571310E-01
   0   -3   -9  3.3747  1.8618 0.700074E+03 0.264583E+02 0.179484E+00
   0   -3   -6  2.3863  2.6330 0.342699E-01 -.656843E-01 -.173077E+00
   0   -3   -3  1.5092  4.1632 0.372348E+04 0.609935E+02 0.180878E+01
   0   -3    0  1.0672  5.8877 0.586432E+01 -.138899E+01 -.198369E+01
   0   -3    3  1.5092  4.1632 0.347867E+04 0.589710E+02 0.104618E+01
   0   -3    6  2.3863  2.6330 0.209981E+02 -.395276E+01 -.231815E+01
   0   -3    9  3.3747  1.8618 0.607897E+03 0.245291E+02 -.249446E+01
   0   -3   12  4.4001  1.4280 0.100503E+03 -.955660E+01 -.302886E+01
   0   -3   15  5.4416  1.1547 0.949893E+02 0.959612E+01 -.170403E+01
   0    0  -15  5.3359  1.1775 0.808401E+02 0.315262E+01 -.842028E+01
   0    0  -12  4.2687  1.4719 0.344480E+04 0.586408E+02 0.246086E+01
   0    0   -9  3.2015  1.9626 0.135399E+02 0.326681E+01 -.169349E+01
   0    0   -6  2.1344  2.9438 0.171851E+04 0.414498E+02 -.648342E+00
   0    0   -3  1.0672  5.8877 0.822091E+01 -.353364E+00 0.284535E+01
   0    0    3  1.0672  5.8877 0.822091E+01 -.353364E+00 -.284535E+01
   0    0    6  2.1344  2.9438 0.171851E+04 0.414498E+02 0.648342E+00
   0    0    9  3.2015  1.9626 0.135399E+02 0.326681E+01 0.169349E+01
   0    0   12  4.2687  1.4719 0.344480E+04 0.586408E+02 -.246086E+01
   0    0   15  5.3359  1.1775 0.808401E+02 0.315262E+01 0.842028E+01
   0    3  -15  5.4416  1.1547 0.949893E+02 0.959612E+01 0.170403E+01
   0    3  -12  4.4001  1.4280 0.100503E+03 -.955660E+01 0.302886E+01
   0    3   -9  3.3747  1.8618 0.607897E+03 0.245291E+02 0.249446E+01
   0    3   -6  2.3863  2.6330 0.209981E+02 -.395276E+01 0.231815E+01
   0    3   -3  1.5092  4.1632 0.347867E+04 0.589710E+02 -.104618E+01
   0    3    0  1.0672  5.8877 0.586432E+01 -.138899E+01 0.198369E+01
   0    3    3  1.5092  4.1632 0.372348E+04 0.609935E+02 -.180878E+01
   0    3    6  2.3863  2.6330 0.342699E-01 -.656843E-01 0.173077E+00
   0    3    9  3.3747  1.8618 0.700074E+03 0.264583E+02 -.179484E+00
   0    3   12  4.4001  1.4280 0.180089E+02 -.424330E+01 0.571310E-01
   0    3   15  5.4416  1.1547 0.137719E+03 0.835098E+01 -.824500E+01
   0    6  -15  5.7469  1.0933 0.220044E+03 0.393258E+01 0.143031E+02
   0    6  -12  4.7726  1.3165 0.453767E+03 0.213008E+02 -.211551E+00
   0    6   -9  3.8478  1.6329 0.344081E+02 -.383669E+01 0.443711E+01
   0    6   -6  3.0184  2.0816 0.138213E+04 -.370792E+02 -.269481E+01
   0    6   -3  2.3863  2.6330 0.170000E+01 0.122770E+01 0.439029E+00
   0    6    0  2.1344  2.9438 0.151454E+04 0.389013E+02 -.110839E+01
   0    6    3  2.3863  2.6330 0.330683E+01 -.166462E+01 -.732035E+00
   0    6    6  3.0184  2.0816 0.116418E+04 -.340724E+02 0.180317E+01
   0    6    9  3.8478  1.6329 0.442885E+01 -.210159E+01 -.110382E+00
   0    6   12  4.7726  1.3165 0.287475E+03 0.154763E+02 -.692529E+01
   0    6   15  5.7469  1.0933 0.715690E+02 -.838814E+01 -.109910E+01
   0    9  -15  6.2227  1.0097 0.151475E+02 0.315702E+01 -.227613E+01
   0    9  -12  5.3359  1.1775 0.329918E+02 0.552395E+01 -.157410E+01
   0    9   -9  4.5276  1.3877 0.133123E+03 0.736292E+01 -.888313E+01
   0    9   -6  3.8478  1.6329 0.202548E+02 -.446627E+01 0.554263E+00
   0    9   -3  3.3747  1.8618 0.650366E+03 0.252838E+02 -.333101E+01
   0    9    0  3.2015  1.9626 0.421365E+02 -.616192E+00 -.646195E+01
   0    9    3  3.3747  1.8618 0.627881E+03 0.241894E+02 0.653872E+01
   0    9    6  3.8478  1.6329 0.608637E+01 -.100469E+01 -.225322E+01
   0    9    9  4.5276  1.3877 0.185673E+01 0.658835E+00 0.119275E+01
   0    9   12  5.3359  1.1775 0.184841E+03 -.111864E+02 -.772694E+01
   0    9   15  6.2227  1.0097 0.361543E+02 -.380103E+01 -.465903E+01
   0   12  -12  6.0369  1.0408 0.447852E+02 0.660373E+01 -.108444E+01
   0   12   -9  5.3359  1.1775 0.203435E+03 -.121680E+02 -.744135E+01
   0   12   -6  4.7726  1.3165 0.583025E+03 0.238480E+02 -.378101E+01
   0   12   -3  4.4001  1.4280 0.394789E+02 -.628323E+01 0.305285E-02
   0   12    0  4.2687  1.4719 0.290613E+04 0.537894E+02 -.358122E+01
   0   12    3  4.4001  1.4280 0.127365E+03 -.106130E+02 -.383797E+01
   0   12    6  4.7726  1.3165 0.431030E+03 0.207488E+02 -.719495E+00
   0   12    9  5.3359  1.1775 0.129942E+02 0.307754E+01 -.187696E+01
   0   12   12  6.0369  1.0408 0.188863E+02 -.401175E+01 0.167097E+01
   0   15   -9  6.2227  1.0097 0.674174E+02 0.414733E+01 -.708640E+01
   0   15   -6  5.7469  1.0933 0.168359E+03 -.926097E+01 0.908809E+01
   0   15   -3  5.4416  1.1547 0.215776E+03 0.131993E+02 -.644625E+01
   0   15    0  5.3359  1.1775 0.719484E+02 -.292821E+01 -.796077E+01
   0   15    3  5.4416  1.1547 0.247503E+03 0.148574E+02 -.517298E+01
   0   15    6  5.7469  1.0933 0.497081E+02 0.501962E+01 0.495091E+01
   0   15    9  6.2227  1.0097 0.348460E+02 0.658421E+00 -.586622E+01
   3  -15   -6  5.8452  1.0749 0.293893E+03 0.143007E+02 0.945430E+01
   3  -15   -3  5.5452  1.1331 0.393992E+02 -.624532E+01 -.628591E+00
   3  -15    0  5.4416  1.1547 0.219290E+03 0.112294E+02 0.965354E+01
   3  -15    3  5.5452  1.1331 0.169557E+02 0.339690E+01 -.232740E+01
   3  -15    6  5.8452  1.0749 0.591317E+02 0.703298E+01 0.310947E+01
   3  -12  -12  6.1305  1.0249 0.560199E+01 -.141384E+01 0.189817E+01
   3  -12   -9  5.4416  1.1547 0.300356E+03 0.173307E+02 -.345538E-01
   3  -12   -6  4.8905  1.2848 0.580693E+02 0.163338E+01 -.744321E+01
   3  -12   -3  4.5277  1.3877 0.150510E+04 0.386898E+02 0.286400E+01
   3  -12    0  4.4001  1.4280 0.715775E+02 -.607852E+01 0.588465E+01
   3  -12    3  4.5277  1.3877 0.987832E+03 0.311820E+02 0.393912E+01
   3  -12    6  4.8905  1.2848 0.875567E+02 -.911546E+01 -.211309E+01
   3  -12    9  5.4416  1.1547 0.764100E+02 0.855221E+01 -.180823E+01
   3  -12   12  6.1305  1.0249 0.877866E+01 0.120452E+01 0.270699E+01
   3   -9  -12  5.4416  1.1547 0.292885E+03 0.160166E+02 -.602940E+01
   3   -9   -9  4.6518  1.3507 0.433456E+01 0.185690E+01 -.941522E+00
   3   -9   -6  3.9931  1.5735 0.458468E+02 0.263578E-01 -.677097E+01
   3   -9   -3  3.5395  1.7752 0.571545E+00 0.235522E+00 0.718383E+00
   3   -9    0  3.3748  1.8618 0.653421E+03 0.251740E+02 -.443714E+01
   3   -9    3  3.5395  1.7752 0.132544E+02 -.595041E+00 0.359171E+01
   3   -9    6  3.9931  1.5735 0.259479E+02 -.501571E+01 -.889116E+00
   3   -9    9  4.6518  1.3507 0.180244E+03 -.119669E+02 0.608582E+01
   3   -9   12  5.4416  1.1547 0.849393E+02 0.772316E+01 -.502912E+01
   3   -6  -15  5.8452  1.0749 0.289158E+02 0.466888E+01 0.266784E+01
   3   -6  -12  4.8905  1.2848 0.657914E+02 -.643526E+01 0.493749E+01
   3   -6   -9  3.9931  1.5735 0.159077E+03 -.111519E+02 -.589177E+01
   3   -6   -6  3.2016  1.9625 0.336136E+01 0.823686E+00 0.163796E+01
   3   -6   -3  2.6141  2.4036 0.758575E+03 -.273808E+02 -.297796E+01
   3   -6    0  2.3864  2.6330 0.118697E+02 0.341919E+01 0.422919E+00
   3   -6    3  2.6141  2.4036 0.835298E+03 -.288626E+02 -.150013E+01
   3   -6    6  3.2016  1.9625 0.482036E+02 0.963587E+00 0.687569E+01
   3   -6    9  3.9931  1.5735 0.565593E+02 -.416906E+01 -.625926E+01
   3   -6   12  4.8905  1.2848 0.101750E+03 -.927471E+01 -.396613E+01
   3   -6   15  5.8452  1.0749 0.697192E+02 0.712534E+01 -.435302E+01
   3   -3  -15  5.5452  1.1331 0.846207E+02 0.913451E+01 -.108695E+01
   3   -3  -12  4.5277  1.3877 0.113450E+04 0.332144E+02 -.559458E+01
   3   -3   -9  3.5395  1.7752 0.363913E+02 0.302716E+01 -.521800E+01
   3   -3   -6  2.6141  2.4036 0.847288E+03 -.291048E+02 -.445859E+00
   3   -3   -3  1.8485  3.3991 0.166949E+01 -.126980E+01 -.238966E+00
   3   -3    0  1.5093  4.1629 0.366571E+04 0.605394E+02 0.836148E+00
   3   -3    3  1.8485  3.3991 0.167139E+01 -.128065E+01 -.176946E+00
   3   -3    6  2.6141  2.4036 0.739022E+03 -.266990E+02 -.511725E+01
   3   -3    9  3.5395  1.7752 0.120331E+02 -.233419E+01 0.256605E+01
   3   -3   12  4.5277  1.3877 0.919939E+03 0.299865E+02 -.455531E+01
   3   -3   15  5.5452  1.1331 0.130395E+03 -.110946E+02 -.270271E+01
   3    0  -15  5.4416  1.1547 0.235510E+03 0.151210E+02 -.262013E+01
   3    0  -12  4.4001  1.4280 0.765406E+02 0.250698E+01 -.838186E+01
   3    0   -9  3.3748  1.8618 0.974412E+03 0.308651E+02 -.466427E+01
   3    0   -6  2.3864  2.6330 0.101277E+02 0.317747E+01 0.177020E+00
   3    0   -3  1.5093  4.1629 0.386323E+04 0.621437E+02 0.117795E+01
   3    0    0  1.0673  5.8868 0.430965E+01 0.514759E+00 -.201114E+01
   3    0    3  1.5093  4.1629 0.390913E+04 0.625206E+02 0.556463E+00
   3    0    6  2.3864  2.6330 0.423493E+02 0.589053E+01 -.276603E+01
   3    0    9  3.3748  1.8618 0.128802E+04 0.358835E+02 0.625965E+00
   3    0   12  4.4001  1.4280 0.440575E+02 -.449119E+01 -.488740E+01
   3    0   15  5.4416  1.1547 0.184112E+03 0.108539E+02 0.814284E+01
   3    3  -15  5.5452  1.1331 0.167715E+02 0.216558E+01 0.347589E+01
   3    3  -12  4.5277  1.3877 0.145582E+04 0.380841E+02 0.232911E+01
   3    3   -9  3.5395  1.7752 0.138069E+02 -.185805E+01 0.321784E+01
   3    3   -6  2.6141  2.4036 0.104844E+04 -.322438E+02 0.296376E+01
   3    3   -3  1.8485  3.3991 0.817475E+00 -.625591E+00 -.652772E+00
   3    3    0  1.5093  4.1629 0.387133E+04 0.622170E+02 -.614361E+00
   3    3    3  1.8485  3.3991 0.167323E+01 0.961936E+00 -.864819E+00
   3    3    6  2.6141  2.4036 0.573215E+03 -.239071E+02 0.128984E+01
   3    3    9  3.5395  1.7752 0.501749E+02 0.667603E+01 -.236759E+01
   3    3   12  4.5277  1.3877 0.169099E+04 0.408834E+02 -.441970E+01
   3    3   15  5.5452  1.1331 0.502620E+02 0.448716E+01 -.548884E+01
   3    6  -15  5.8452  1.0749 0.138557E+03 0.107471E+02 -.480179E+01
   3    6  -12  4.8905  1.2848 0.398711E+02 0.206983E+01 0.596548E+01
   3    6   -9  3.9931  1.5735 0.857804E+02 -.780418E+01 -.498750E+01
   3    6   -6  3.2016  1.9625 0.370585E+02 0.402240E+01 0.456933E+01
   3    6   -3  2.6141  2.4036 0.729384E+03 -.269040E+02 -.235802E+01
   3    6    0  2.3864  2.6330 0.844156E+01 0.233158E+01 -.173358E+01
   3    6    3  2.6141  2.4036 0.953724E+03 -.308727E+02 -.776162E+00
   3    6    6  3.2016  1.9625 0.175967E+02 -.191848E+01 0.373043E+01
   3    6    9  3.9931  1.5735 0.707805E+02 -.764100E+01 -.352075E+01
   3    6   12  4.8905  1.2848 0.117611E+03 -.104938E+02 -.273698E+01
   3    6   15  5.8452  1.0749 0.805421E+02 0.487366E+01 -.753589E+01
   3    9  -12  5.4416  1.1547 0.483372E+03 0.204287E+02 -.812648E+01
   3    9   -9  4.6518  1.3507 0.126985E+01 0.102477E+01 -.468717E+00
   3    9   -6  3.9931  1.5735 0.812855E+02 -.763393E+01 -.479672E+01
   3    9   -3  3.5395  1.7752 0.117411E+02 0.328457E+01 0.976041E+00
   3    9    0  3.3748  1.8618 0.868524E+03 0.294701E+02 0.186587E+00
   3    9    3  3.5395  1.7752 0.335688E+02 -.571531E+01 -.950791E+00
   3    9    6  3.9931  1.5735 0.113692E+03 -.106623E+02 -.808292E-01
   3    9    9  4.6518  1.3507 0.158571E+02 -.313392E+01 -.245677E+01
   3    9   12  5.4416  1.1547 0.206462E+03 0.116659E+02 -.838866E+01
   3   12  -12  6.1305  1.0249 0.528041E+03 0.312039E+01 -.227663E+02
   3   12   -9  5.4416  1.1547 0.421055E+03 0.204492E+02 -.169870E+01
   3   12   -6  4.8905  1.2848 0.257933E+02 -.505771E+01 -.461392E+00
   3   12   -3  4.5277  1.3877 0.164543E+04 0.403312E+02 -.433866E+01
   3   12    0  4.4001  1.4280 0.327994E+02 -.225730E+01 -.526346E+01
   3   12    3  4.5277  1.3877 0.102514E+04 0.315506E+02 -.544922E+01
   3   12    6  4.8905  1.2848 0.170169E+02 -.184707E+01 0.368853E+01
   3   12    9  5.4416  1.1547 0.114534E+03 0.795737E+01 -.715638E+01
   3   12   12  6.1305  1.0249 0.166972E+02 -.407525E+01 -.299178E+00
   3   15   -6  5.8452  1.0749 0.211220E+03 0.125055E+02 -.740483E+01
   3   15   -3  5.5452  1.1331 0.214563E+02 0.462613E+01 -.234953E+00
   3   15    0  5.4416  1.1547 0.867978E+02 0.517530E+01 -.774688E+01
   3   15    3  5.5452  1.1331 0.171089E+02 -.386672E+01 -.146881E+01
   3   15    6  5.8452  1.0749 0.103746E+03 0.766656E+01 -.670593E+01
   6  -15   -6  6.1306  1.0249 0.141299E+03 0.273070E+01 -.115690E+02
   6  -15   -3  5.8453  1.0749 0.108225E+03 0.837240E+01 0.617479E+01
   6  -15    0  5.7470  1.0933 0.434317E+02 0.258731E+01 0.606115E+01
   6  -15    3  5.8453  1.0749 0.350369E+02 0.584015E+01 0.964123E+00
   6  -15    6  6.1306  1.0249 0.225001E+02 0.367262E+01 -.300198E+01
   6  -12   -9  5.7470  1.0933 0.626039E+02 -.584352E+01 -.533453E+01
   6  -12   -6  5.2282  1.2018 0.575111E+03 0.235716E+02 0.441481E+01
   6  -12   -3  4.8906  1.2848 0.123907E+03 -.664382E+01 -.893120E+01
   6  -12    0  4.7727  1.3165 0.420261E+03 0.202395E+02 0.325952E+01
   6  -12    3  4.8906  1.2848 0.253102E+02 0.429778E+01 -.261520E+01
   6  -12    6  5.2282  1.2018 0.162415E+03 0.125966E+02 0.193427E+01
   6  -12    9  5.7470  1.0933 0.328642E+02 -.559945E+01 0.122898E+01
   6   -9  -12  5.7470  1.0933 0.641428E+02 -.797253E+01 -.762577E+00
   6   -9   -9  5.0056  1.2552 0.162379E+03 0.127284E+02 0.606823E+00
   6   -9   -6  4.4002  1.4279 0.390092E+02 0.444474E+01 -.438788E+01
   6   -9   -3  3.9932  1.5735 0.310496E+01 0.175327E+01 -.176050E+00
   6   -9    0  3.8479  1.6329 0.731546E+02 0.854947E+01 0.247509E+00
   6   -9    3  3.9932  1.5735 0.286275E+02 -.514719E+01 0.146079E+01
   6   -9    6  4.4002  1.4279 0.250815E+02 0.180864E+00 0.500488E+01
   6   -9    9  5.0056  1.2552 0.359536E+02 0.594908E+01 0.749724E+00
   6   -9   12  5.7470  1.0933 0.643224E+02 -.796988E+01 0.896318E+00
   6   -6  -15  6.1306  1.0249 0.669423E+02 0.458841E+01 0.677413E+01
   6   -6  -12  5.2282  1.2018 0.317343E+03 0.174194E+02 0.372919E+01
   6   -6   -9  4.4002  1.4279 0.147321E+02 -.318708E+01 -.213885E+01
   6   -6   -6  3.6970  1.6995 0.179311E+04 -.419188E+02 0.599396E+01
   6   -6   -3  3.2017  1.9624 0.157242E+02 0.260545E+01 -.298929E+01
   6   -6    0  3.0187  2.0814 0.941771E+03 -.306883E+02 -.448465E-01
   6   -6    3  3.2017  1.9624 0.342000E+02 0.535820E+01 0.234302E+01
   6   -6    6  3.6970  1.6995 0.171278E+04 -.407639E+02 -.714785E+01
   6   -6    9  4.4002  1.4279 0.195066E+02 -.108892E+01 0.428029E+01
   6   -6   12  5.2282  1.2018 0.193619E+03 0.113352E+02 -.807048E+01
   6   -6   15  6.1306  1.0249 0.980101E+02 -.760347E+01 -.634014E+01
   6   -3  -15  5.8453  1.0749 0.124957E+03 0.110302E+02 -.181431E+01
   6   -3  -12  4.8906  1.2848 0.269441E+02 -.417862E+01 -.307948E+01
   6   -3   -9  3.9932  1.5735 0.294384E+02 -.430889E+01 -.329725E+01
   6   -3   -6  3.2017  1.9624 0.115876E+02 -.337395E+01 -.451743E+00
   6   -3   -3  2.6143  2.4034 0.763002E+03 -.269642E+02 0.599447E+01
   6   -3    0  2.3866  2.6327 0.175007E+02 -.418337E+01 0.110420E-01
   6   -3    3  2.6143  2.4034 0.881202E+03 -.296346E+02 0.173059E+01
   6   -3    6  3.2017  1.9624 0.464044E+02 0.644372E+01 0.220972E+01
   6   -3    9  3.9932  1.5735 0.686047E+02 -.583068E+01 -.588284E+01
   6   -3   12  4.8906  1.2848 0.236465E+02 -.485972E+01 -.172082E+00
   6   -3   15  5.8453  1.0749 0.188830E+03 0.330526E+01 0.133381E+02
   6    0  -15  5.7470  1.0933 0.489446E+02 0.599113E+01 -.361262E+01
   6    0  -12  4.7727  1.3165 0.144887E+04 0.379822E+02 -.249499E+01
   6    0   -9  3.8479  1.6329 0.564417E+02 0.364515E+01 -.656922E+01
   6    0   -6  3.0187  2.0814 0.454531E+03 -.212430E+02 0.180742E+01
   6    0   -3  2.3866  2.6327 0.394671E+00 0.354391E+00 -.518727E+00
   6    0    0  2.1347  2.9434 0.129688E+04 0.360084E+02 0.527443E+00
   6    0    3  2.3866  2.6327 0.176130E+01 0.132012E+01 0.136301E+00
   6    0    6  3.0187  2.0814 0.649753E+03 -.248286E+02 0.577013E+01
   6    0    9  3.8479  1.6329 0.132053E+03 0.735401E+01 -.883012E+01
   6    0   12  4.7727  1.3165 0.809341E+03 0.275102E+02 0.724788E+01
   6    0   15  5.7470  1.0933 0.480216E+02 0.835108E+00 -.687926E+01
   6    3  -15  5.8453  1.0749 0.860362E+02 0.836210E+01 0.401390E+01
   6    3  -12  4.8906  1.2848 0.486050E+02 -.663367E+01 -.214464E+01
   6    3   -9  3.9932  1.5735 0.380288E+00 0.506996E+00 0.351060E+00
   6    3   -6  3.2017  1.9624 0.105803E+01 0.728006E-01 0.102603E+01
   6    3   -3  2.6143  2.4034 0.677983E+03 -.260373E+02 -.207623E+00
   6    3    0  2.3866  2.6327 0.214019E+02 -.308762E+01 -.344507E+01
   6    3    3  2.6143  2.4034 0.116206E+04 -.340589E+02 -.143219E+01
   6    3    6  3.2017  1.9624 0.232879E+02 0.480550E+01 0.441651E+00
   6    3    9  3.9932  1.5735 0.483932E+01 0.151640E+01 0.159369E+01
   6    3   12  4.8906  1.2848 0.121971E+02 0.134667E+01 -.322235E+01
   6    3   15  5.8453  1.0749 0.135888E+03 0.110898E+02 0.359217E+01
   6    6  -15  6.1306  1.0249 0.880589E+02 -.862449E+01 0.369824E+01
   6    6  -12  5.2282  1.2018 0.289417E+03 0.170085E+02 0.357561E+00
   6    6   -9  4.4002  1.4279 0.408294E+02 -.224246E+01 0.598338E+01
   6    6   -6  3.6970  1.6995 0.228845E+04 -.477148E+02 -.342740E+01
   6    6   -3  3.2017  1.9624 0.987273E+01 -.190269E+01 -.250050E+01
   6    6    0  3.0187  2.0814 0.766511E+03 -.273423E+02 -.434843E+01
   6    6    3  3.2017  1.9624 0.646064E+02 -.922610E+00 0.798469E+01
   6    6    6  3.6970  1.6995 0.236229E+04 -.485878E+02 0.123255E+01
   6    6    9  4.4002  1.4279 0.492010E+02 0.232681E+01 0.661717E+01
   6    6   12  5.2282  1.2018 0.228063E+03 0.145533E+02 -.403273E+01
   6    6   15  6.1306  1.0249 0.328463E+02 0.794017E+00 0.567590E+01
   6    9  -12  5.7470  1.0933 0.269339E+03 -.393635E+01 -.159325E+02
   6    9   -9  5.0056  1.2552 0.417017E+02 0.522279E+01 0.379791E+01
   6    9   -6  4.4002  1.4279 0.664586E+02 -.877237E+00 0.810488E+01
   6    9   -3  3.9932  1.5735 0.139716E+02 0.186273E+01 -.324065E+01
   6    9    0  3.8479  1.6329 0.439732E+02 -.646085E+01 0.149355E+01
   6    9    3  3.9932  1.5735 0.692657E+02 -.620523E+01 -.554625E+01
   6    9    6  4.4002  1.4279 0.203953E+02 -.924127E-01 0.451517E+01
   6    9    9  5.0056  1.2552 0.275511E+02 0.384572E+01 -.357233E+01
   6    9   12  5.7470  1.0933 0.466962E+01 -.206193E+01 -.646571E+00
   6   12   -9  5.7470  1.0933 0.251470E+03 -.143129E+02 -.682723E+01
   6   12   -6  5.2282  1.2018 0.371170E+03 0.191971E+02 0.162554E+01
   6   12   -3  4.8906  1.2848 0.190427E+02 -.431471E+01 0.652684E+00
   6   12    0  4.7727  1.3165 0.635362E+03 0.251548E+02 -.161155E+01
   6   12    3  4.8906  1.2848 0.139715E+01 -.495436E-01 0.118097E+01
   6   12    6  5.2282  1.2018 0.495145E+03 0.220314E+02 -.312466E+01
   6   12    9  5.7470  1.0933 0.211765E+02 0.459882E+01 0.165470E+00
   6   15   -6  6.1306  1.0249 0.224029E+02 -.391945E+01 -.265345E+01
   6   15   -3  5.8453  1.0749 0.123489E+03 0.775578E+01 -.795845E+01
   6   15    0  5.7470  1.0933 0.556970E+02 -.663033E+00 -.743353E+01
   6   15    3  5.8453  1.0749 0.284089E+03 0.135036E+02 -.100867E+02
   6   15    6  6.1306  1.0249 0.388124E+02 0.607759E+01 -.136945E+01
   9  -15    0  6.2229  1.0097 0.475925E+02 -.130554E+00 -.689749E+01
   9  -12   -9  6.2229  1.0097 0.402934E+02 0.558475E+01 -.301727E+01
   9  -12   -6  5.7472  1.0933 0.235033E+02 -.482837E+01 0.436082E+00
   9  -12   -3  5.4418  1.1546 0.336393E+03 0.176179E+02 -.509923E+01
   9  -12    0  5.3362  1.1775 0.648598E+02 -.803661E+01 0.522132E+00
   9  -12    3  5.4418  1.1546 0.649015E+02 0.795014E+01 0.130263E+01
   9  -12    6  5.7472  1.0933 0.637864E+02 -.404665E+01 -.688557E+01
   9  -12    9  6.2229  1.0097 0.230195E+03 -.813667E+01 0.128058E+02
   9   -9  -12  6.2229  1.0097 0.116304E+03 0.831206E+01 0.687120E+01
   9   -9   -9  5.5455  1.1330 0.799993E+01 -.276412E+01 0.599644E+00
   9   -9   -6  5.0058  1.2552 0.143971E+03 0.118598E+02 0.182091E+01
   9   -9   -3  4.6521  1.3506 0.384720E+02 0.147151E+01 -.602550E+01
   9   -9    0  4.5280  1.3876 0.701316E+02 0.827555E+01 0.128331E+01
   9   -9    3  4.6521  1.3506 0.462543E+01 -.616514E+00 0.206042E+01
   9   -9    6  5.0058  1.2552 0.792091E+02 0.402564E+01 0.793746E+01
   9   -9    9  5.5455  1.1330 0.131709E+03 -.103989E+02 -.485510E+01
   9   -9   12  6.2229  1.0097 0.952308E+02 0.472569E+01 0.853807E+01
   9   -6  -12  5.7472  1.0933 0.107635E+03 -.862812E+01 -.576115E+01
   9   -6   -9  5.0058  1.2552 0.413756E+02 -.362648E+01 0.531265E+01
   9   -6   -6  4.4004  1.4279 0.110643E+02 -.147257E+00 -.332305E+01
   9   -6   -3  3.9934  1.5734 0.185860E+02 -.341240E+01 0.263468E+01
   9   -6    0  3.8482  1.6328 0.138904E+02 -.372476E+01 -.128680E+00
   9   -6    3  3.9934  1.5734 0.129444E+02 -.230912E+01 0.275905E+01
   9   -6    6  4.4004  1.4279 0.766434E+01 -.267819E+01 0.701168E+00
   9   -6    9  5.0058  1.2552 0.370258E+02 0.372671E+01 -.481014E+01
   9   -6   12  5.7472  1.0933 0.800024E+01 0.210830E+00 0.282060E+01
   9   -3  -12  5.4418  1.1546 0.308973E+03 0.172630E+02 0.331102E+01
   9   -3   -9  4.6521  1.3506 0.426710E+02 -.430370E+01 -.491418E+01
   9   -3   -6  3.9934  1.5734 0.173080E+02 -.116965E+01 0.399248E+01
   9   -3   -3  3.5399  1.7750 0.220803E+02 -.469875E+01 0.451487E-01
   9   -3    0  3.3752  1.8616 0.735717E+03 0.270269E+02 0.229383E+01
   9   -3    3  3.5399  1.7750 0.776360E+02 -.456089E+01 0.753886E+01
   9   -3    6  3.9934  1.5734 0.660118E+02 -.706967E+01 0.400395E+01
   9   -3    9  4.6521  1.3506 0.125250E+02 -.352167E+00 -.352150E+01
   9   -3   12  5.4418  1.1546 0.748797E+02 0.832434E+01 0.236329E+01
   9    0  -15  6.2229  1.0097 0.131414E+03 0.692243E+01 0.913748E+01
   9    0  -12  5.3362  1.1775 0.404731E+02 -.560139E+01 -.301622E+01
   9    0   -9  4.5280  1.3876 0.424728E+03 0.205298E+02 -.180484E+01
   9    0   -6  3.8482  1.6328 0.411296E+02 0.633322E+01 0.100994E+01
   9    0   -3  3.3752  1.8616 0.971593E+03 0.311467E+02 0.121423E+01
   9    0    0  3.2020  1.9623 0.268024E+02 -.791286E-01 0.517650E+01
   9    0    3  3.3752  1.8616 0.562154E+03 0.229461E+02 0.596909E+01
   9    0    6  3.8482  1.6328 0.120190E+02 -.580293E+00 -.341793E+01
   9    0    9  4.5280  1.3876 0.339255E+03 0.165404E+02 0.810373E+01
   9    0   12  5.3362  1.1775 0.100959E+02 -.284933E+01 -.140613E+01
   9    0   15  6.2229  1.0097 0.259335E+03 0.693749E+01 0.145329E+02
   9    3  -12  5.4418  1.1546 0.271224E+03 0.146872E+02 0.745051E+01
   9    3   -9  4.6521  1.3506 0.461025E+02 0.518886E+01 0.437930E+01
   9    3   -6  3.9934  1.5734 0.201581E+02 -.235083E+01 -.382515E+01
   9    3   -3  3.5399  1.7750 0.457546E+02 0.431933E+01 -.520557E+01
   9    3    0  3.3752  1.8616 0.680944E+03 0.255547E+02 -.528231E+01
   9    3    3  3.5399  1.7750 0.379072E+02 0.424320E+01 0.446122E+01
   9    3    6  3.9934  1.5734 0.121208E+03 -.767661E+01 0.789163E+01
   9    3    9  4.6521  1.3506 0.231409E+02 -.370985E+01 -.306233E+01
   9    3   12  5.4418  1.1546 0.517557E+03 0.227122E+02 0.130899E+01
   9    6  -12  5.7472  1.0933 0.125496E+03 -.100420E+02 -.496528E+01
   9    6   -9  5.0058  1.2552 0.622526E+01 -.213635E+01 -.128890E+01
   9    6   -6  4.4004  1.4279 0.915300E+01 0.218875E+01 0.208863E+01
   9    6   -3  3.9934  1.5734 0.301794E+02 -.464380E+00 -.547392E+01
   9    6    0  3.8482  1.6328 0.180745E+02 -.262992E+01 -.334036E+01
   9    6    3  3.9934  1.5734 0.102322E+03 -.904857E+01 -.452161E+01
   9    6    6  4.4004  1.4279 0.612179E+02 -.108459E+01 0.774865E+01
   9    6    9  5.0058  1.2552 0.429292E+01 0.102904E+01 0.179833E+01
   9    6   12  5.7472  1.0933 0.659973E+02 -.572646E+01 0.576238E+01
   9    9  -12  6.2229  1.0097 0.960629E+02 0.440405E+01 0.875599E+01
   9    9   -9  5.5455  1.1330 0.515855E+02 -.589345E+01 0.410520E+01
   9    9   -6  5.0058  1.2552 0.211142E+01 0.262776E+00 -.142911E+01
   9    9   -3  4.6521  1.3506 0.607052E+02 -.771166E+01 -.111154E+01
   9    9    0  4.5280  1.3876 0.204830E+03 0.143034E+02 -.492341E+00
   9    9    3  4.6521  1.3506 0.186649E+02 0.345764E+01 0.259031E+01
   9    9    6  5.0058  1.2552 0.636915E+02 0.615861E+01 0.507573E+01
   9    9    9  5.5455  1.1330 0.157575E+03 0.180948E+01 -.124218E+02
   9    9   12  6.2229  1.0097 0.231579E+02 0.372568E+01 0.304585E+01
   9   12   -9  6.2229  1.0097 0.294447E+03 0.127858E+02 0.114443E+02
   9   12   -6  5.7472  1.0933 0.564792E+02 -.442335E+01 0.607562E+01
   9   12   -3  5.4418  1.1546 0.616563E+03 0.241839E+02 0.563044E+01
   9   12    0  5.3362  1.1775 0.321573E+02 0.173571E+01 -.539857E+01
   9   12    3  5.4418  1.1546 0.648038E+03 0.252849E+02 0.295145E+01
   9   12    6  5.7472  1.0933 0.150069E+03 0.114061E+02 -.446881E+01
   9   12    9  6.2229  1.0097 0.469898E+03 0.175517E+02 0.127214E+02
   9   15    0  6.2229  1.0097 0.174027E+02 0.336714E+01 0.246274E+01
  12  -12   -3  6.1309  1.0248 0.175852E+03 -.132546E+02 -.409119E+00
  12  -12    0  6.0373  1.0407 0.200327E+02 0.154966E+01 -.419895E+01
  12  -12    3  6.1309  1.0248 0.140598E+03 -.111936E+02 0.391172E+01
  12   -9   -9  6.2231  1.0097 0.543825E+02 0.262133E+01 -.689283E+01
  12   -9   -6  5.7474  1.0932 0.153255E+03 0.113503E+02 0.494224E+01
  12   -9   -3  5.4421  1.1546 0.459486E+03 0.212920E+02 -.247746E+01
  12   -9    0  5.3364  1.1774 0.119626E+02 -.136524E+01 0.317784E+01
  12   -9    3  5.4421  1.1546 0.346190E+03 0.178781E+02 0.515405E+01
  12   -9    6  5.7474  1.0932 0.639234E+02 -.798313E+01 -.439285E+00
  12   -9    9  6.2231  1.0097 0.981273E+02 0.893017E+01 0.428712E+01
  12   -6   -9  5.7474  1.0932 0.115578E+03 0.793058E+01 -.725833E+01
  12   -6   -6  5.2286  1.2017 0.165704E+03 0.111532E+02 -.642729E+01
  12   -6   -3  4.8910  1.2846 0.101797E+03 0.240822E+01 -.979784E+01
  12   -6    0  4.7731  1.3164 0.704819E+03 0.254731E+02 -.747937E+01
  12   -6    3  4.8910  1.2846 0.109189E+03 -.283526E+01 0.100574E+02
  12   -6    6  5.2286  1.2017 0.366645E+03 0.184830E+02 -.500216E+01
  12   -6    9  5.7474  1.0932 0.653837E+01 -.175323E+01 -.186133E+01
  12   -3  -12  6.1309  1.0248 0.563998E+02 -.615743E+01 -.429952E+01
  12   -3   -9  5.4421  1.1546 0.244342E+03 0.136831E+02 -.755744E+01
  12   -3   -6  4.8910  1.2846 0.507869E+02 0.182784E+01 -.688810E+01
  12   -3   -3  4.5283  1.3875 0.124202E+04 0.351427E+02 -.264802E+01
  12   -3    0  4.4007  1.4278 0.447657E+02 -.351235E+01 0.569465E+01
  12   -3    3  4.5283  1.3875 0.117528E+04 0.342256E+02 0.197103E+01
  12   -3    6  4.8910  1.2846 0.463992E+01 -.786983E+00 0.200514E+01
  12   -3    9  5.4421  1.1546 0.116496E+03 0.100795E+02 -.386004E+01
  12   -3   12  6.1309  1.0248 0.124819E+03 0.163834E+01 0.110515E+02
  12    0  -12  6.0373  1.0407 0.495705E+03 0.220598E+02 0.301184E+01
  12    0   -9  5.3364  1.1774 0.519134E+02 0.656331E+01 0.297260E+01
  12    0   -6  4.7731  1.3164 0.944060E+03 0.306757E+02 0.174942E+01
  12    0   -3  4.4007  1.4278 0.106402E+03 0.102628E+02 -.103819E+01
  12    0    0  4.2694  1.4717 0.277523E+04 0.526644E+02 0.130266E+01
  12    0    3  4.4007  1.4278 0.138017E+03 0.953265E+01 0.686629E+01
  12    0    6  4.7731  1.3164 0.450214E+03 0.188641E+02 0.971388E+01
  12    0    9  5.3364  1.1774 0.156581E+03 -.633933E+01 -.107886E+02
  12    0   12  6.0373  1.0407 0.431699E+03 0.192436E+02 0.783474E+01
  12    3  -12  6.1309  1.0248 0.133074E+02 -.196459E+00 0.364264E+01
  12    3   -9  5.4421  1.1546 0.305824E+03 0.167571E+02 -.500240E+01
  12    3   -6  4.8910  1.2846 0.128069E+03 0.112689E+02 -.103904E+01
  12    3   -3  4.5283  1.3875 0.137691E+04 0.370722E+02 -.159998E+01
  12    3    0  4.4007  1.4278 0.105887E+03 0.912631E+01 -.475368E+01
  12    3    3  4.5283  1.3875 0.780484E+03 0.279090E+02 0.125286E+01
  12    3    6  4.8910  1.2846 0.504911E+02 -.496130E+01 -.508691E+01
  12    3    9  5.4421  1.1546 0.440374E+03 0.204828E+02 0.456372E+01
  12    3   12  6.1309  1.0248 0.124680E+03 -.109784E+02 0.203806E+01
  12    6   -9  5.7474  1.0932 0.725301E+02 0.752405E+01 0.398984E+01
  12    6   -6  5.2286  1.2017 0.187968E+03 0.110746E+02 -.808221E+01
  12    6   -3  4.8910  1.2846 0.501248E+02 -.113746E+01 -.698792E+01
  12    6    0  4.7731  1.3164 0.851956E+03 0.289458E+02 -.375421E+01
  12    6    3  4.8910  1.2846 0.184536E+02 0.326306E+01 0.279393E+01
  12    6    6  5.2286  1.2017 0.147201E+03 0.109278E+02 0.527109E+01
  12    6    9  5.7474  1.0932 0.214558E+03 -.118629E+02 -.859242E+01
  12    9   -9  6.2231  1.0097 0.150370E+02 -.724025E+00 -.380956E+01
  12    9   -6  5.7474  1.0932 0.985934E+01 0.121057E+01 0.289722E+01
  12    9   -3  5.4421  1.1546 0.128294E+03 0.111256E+02 0.212506E+01
  12    9    0  5.3364  1.1774 0.889601E+01 -.216230E-03 -.298262E+01
  12    9    3  5.4421  1.1546 0.820561E+02 0.898530E+01 0.114913E+01
  12    9    6  5.7474  1.0932 0.132210E+02 -.963124E+00 -.350619E+01
  12    9    9  6.2231  1.0097 0.638993E+02 0.214291E+01 0.770112E+01
  12   12   -3  6.1309  1.0248 0.828975E+02 0.783220E+01 -.464265E+01
  12   12    0  6.0373  1.0407 0.222133E+03 0.315438E+01 0.145665E+02
  12   12    3  6.1309  1.0248 0.314365E+03 0.177154E+02 -.727945E+00
  15   -9    0  6.2234  1.0096 0.695146E+02 0.442071E+01 0.706908E+01
  15   -6   -6  6.1312  1.0248 0.218596E+03 0.101710E+02 -.107307E+02
  15   -6   -3  5.8459  1.0748 0.828454E+02 0.909284E+01 -.407056E+00
  15   -6    0  5.7477  1.0932 0.138558E+02 0.429114E+00 -.369752E+01
  15   -6    3  5.8459  1.0748 0.419083E+03 0.204634E+02 -.576073E+00
  15   -6    6  6.1312  1.0248 0.601915E+02 0.754294E+01 -.181537E+01
  15   -3   -6  5.8459  1.0748 0.100426E+03 0.994194E+01 -.125861E+01
  15   -3   -3  5.5460  1.1329 0.550842E+02 -.337107E+01 -.661211E+01
  15   -3    0  5.4424  1.1545 0.849613E+02 0.911616E+01 -.136268E+01
  15   -3    3  5.5460  1.1329 0.311570E+02 0.216555E+00 0.557764E+01
  15   -3    6  5.8459  1.0748 0.212859E+02 0.365363E+01 -.281725E+01
  15    0   -9  6.2234  1.0096 0.173644E+03 0.131438E+02 -.940634E+00
  15    0   -6  5.7477  1.0932 0.701543E+01 0.758595E+00 0.253771E+01
  15    0   -3  5.4424  1.1545 0.130830E+03 0.722070E+01 0.887081E+01
  15    0    0  5.3367  1.1774 0.455109E+02 0.671102E+01 0.687864E+00
  15    0    3  5.4424  1.1545 0.272931E+02 0.226345E+01 0.470849E+01
  15    0    6  5.7477  1.0932 0.138062E+03 0.465006E+01 -.107907E+02
  15    0    9  6.2234  1.0096 0.594282E+02 0.584437E+01 -.502709E+01
  15    3   -6  5.8459  1.0748 0.133686E+03 0.115484E+02 0.566413E+00
  15    3   -3  5.5460  1.1329 0.353269E+02 0.568328E+01 -.173990E+01
  15    3    0  5.4424  1.1545 0.149107E+03 0.121441E+02 -.127588E+01
  15    3    3  5.5460  1.1329 0.644111E+02 0.766138E+01 -.239047E+01
  15    3    6  5.8459  1.0748 0.205335E+02 0.420258E+01 -.169462E+01
  15    6   -6  6.1312  1.0248 0.163030E+02 -.389381E+01 -.106831E+01
  15    6   -3  5.8459  1.0748 0.260795E+03 0.159261E+02 -.267477E+01
  15    6    0  5.7477  1.0932 0.797923E+02 -.883377E+01 -.132547E+01
  15    6    3  5.8459  1.0748 0.104737E+03 0.733525E+01 -.713658E+01
  15    6    6  6.1312  1.0248 0.103477E+03 -.991749E+01 -.226273E+01
  15    9    0  6.2234  1.0096 0.303078E+02 -.550494E+01 -.585772E-01
