 1186
 SF6 190K                                                                       
  0.709999979 -0.0909689069
  0.730000019 -0.130154431
  0.749999881 -0.169366568
  0.769999921 -0.20788078
  0.789999902 -0.244990155
  0.809999883 -0.280020356
  0.829999924 -0.312342703
  0.849999785 -0.341377944
  0.869999826 -0.366614014
  0.889999807 -0.387607157
  0.909999788 -0.403992265
  0.929999828 -0.415492654
  0.94999969 -0.421912909
  0.969999671 -0.423154056
  0.989999712 -0.41920191
  1.00999999 -0.410137385
  1.02999997 -0.396124631
  1.04999995 -0.377414823
  1.07000005 -0.354335189
  1.09000003 -0.327284783
  1.11000001 -0.296725094
  1.13 -0.263172358
  1.14999998 -0.227187365
  1.16999996 -0.189363569
  1.19000006 -0.150319576
  1.21000004 -0.110685185
  1.23000002 -0.0710898712
  1.25 -0.0321540497
  1.26999998  0.00552307442
  1.28999901  0.0413716584
  1.30999899  0.0748668611
  1.32999897  0.105527446
  1.34999895  0.132929444
  1.36999905  0.15671137
  1.38999903  0.176579148
  1.40999901  0.192307428
  1.42999899  0.203746244
  1.44999897  0.21081771
  1.46999896  0.213517547
  1.48999906  0.211912706
  1.50999904  0.206138849
  1.52999902  0.196395412
  1.549999  0.182940274
  1.56999898  0.166084245
  1.58999896  0.146183014
  1.60999894  0.123630218
  1.62999904  0.0988499224
  1.64999902  0.0722858459
  1.669999  0.0443953834
  1.68999898  0.0156399179
  1.70999897 -0.0135239782
  1.72999895 -0.0426514596
  1.74999905 -0.0713175088
  1.76999903 -0.0991228372
  1.78999901 -0.125701576
  1.80999899 -0.150724724
  1.82999897 -0.173905119
  1.84999895 -0.195000991
  1.86999905 -0.213817745
  1.88999903 -0.230209187
  1.90999901 -0.244077772
  1.92999899 -0.255374163
  1.94999897 -0.264095962
  1.96999896 -0.27028352
  1.98999906 -0.274018139
  2.00999904 -0.275417417
  2.02999902 -0.274631858
  2.049999 -0.271838129
  2.06999898 -0.267235339
  2.08999896 -0.26103878
  2.10999894 -0.253474921
  2.12999892 -0.244775519
  2.1499989 -0.235173538
  2.16999888 -0.224896953
  2.1899991 -0.214164212
  2.20999908 -0.203182608
  2.22999907 -0.192139417
  2.24999905 -0.181206077
  2.26999903 -0.170529991
  2.28999901 -0.160236612
  2.30999899 -0.150427237
  2.32999802 -0.14117676
  2.349998 -0.132537663
  2.36999989 -0.124537505
  2.3900001 -0.117185153
  2.41000009 -0.110466599
  2.43000007 -0.104351155
  2.45000005 -0.0987933204
  2.47000003 -0.0937355757
  2.49000001 -0.089110665
  2.50999999 -0.0848458409
  2.52999997 -0.0808650851
  2.54999995 -0.077092506
  2.56999993 -0.0734540001
  2.58999991 -0.0698813647
  2.6099999 -0.0663127527
  2.63000011 -0.0626958311
  2.6500001 -0.0589884371
  2.67000008 -0.0551598668
  2.69000006 -0.0511913598
  2.71000004 -0.0470762514
  2.73000002 -0.0428197645
  2.75 -0.0384382792
  2.76999998 -0.0339588709
  2.78999901 -0.0294172298
  2.80999899 -0.0248563867
  2.82999897 -0.0203255545
  2.84999895 -0.0158775523
  2.86999893 -0.0115673263
  2.88999891 -0.00744959339
  2.90999889 -0.0035771837
  2.92999911  9.25913071E-07
  2.94999909  0.00324105518
  2.96999907  0.00610658526
  2.98999906  0.00856903289
  3.00999904  0.0106089655
  3.02999902  0.0122167068
  3.049999  0.0133927194
  3.06999898  0.014147562
  3.08999896  0.0145016033
  3.10999894  0.014484561
  3.12999892  0.014134557
  3.1499989  0.013497036
  3.16999888  0.0126235643
  3.1899991  0.0115701435
  3.21000004  0.0103958584
  3.23000002  0.00916129444
  3.25  0.00792655628
  3.26999998  0.00674984232
  3.28999996  0.00568583701
  3.30999994  0.00478428835
  3.32999992  0.00408871518
  3.3499999  0.00363532547
  3.36999989  0.00345217902
  3.3900001  0.0035585477
  3.41000009  0.00396463554
  3.43000007  0.00467145583
  3.45000005  0.00567103736
  3.47000003  0.00694692228
  3.49000001  0.00847478863
  3.50999999  0.0102234427
  3.52999997  0.0121558867
  3.54999995  0.0142305288
  3.56999993  0.0164027214
  3.58999991  0.0186259616
  3.6099999  0.0208535567
  3.63000011  0.0230400302
  3.6500001  0.0251424108
  3.67000008  0.0271217376
  3.69000006  0.0289440118
  3.71000004  0.0305814333
  3.73000002  0.0320127644
  3.75  0.0332245566
  3.76999998  0.0342106037
  3.78999901  0.0349729024
  3.80999899  0.0355210155
  3.82999897  0.0358716249
  3.84999895  0.0360481292
  3.86999893  0.0360796452
  3.88999891  0.035999991
  3.90999889  0.0358466282
  3.92999911  0.0356590934
  3.94999909  0.0354781672
  3.96999907  0.0353436954
  3.98999906  0.0352937393
  4.0099988  0.0353630222
  4.03000021  0.0355816782
  4.05000019  0.0359739475
  4.07000017  0.0365573503
  4.09000015  0.0373420455
  4.11000013  0.0383295119
  4.13000011  0.0395131409
  4.1500001  0.040877156
  4.17000008  0.0423976444
  4.19000006  0.0440422259
  4.21000004  0.0457710437
  4.23000002  0.0475371294
  4.25  0.0492883511
  4.26999998  0.0509676337
  4.28999901  0.052514907
  4.30999899  0.0538685545
  4.32999897  0.0549669042
  4.34999895  0.0557494611
  4.36999893  0.0561593398
  4.38999891  0.0561435893
  4.40999889  0.055656027
  4.42999887  0.0546572581
  4.44999886  0.0531170592
  4.46999884  0.0510139987
  4.48999882  0.0483374335
  4.5099988  0.0450872108
  4.52999878  0.041274365
  4.54999924  0.0369207226
  4.56999922  0.0320592187
  4.5899992  0.0267328396
  4.60999918  0.0209941119
  4.62999916  0.0149040427
  4.64999914  0.00853113271
  4.66999912  0.00194987119
  4.6899991 -0.00476066628
  4.70999908 -0.01151847
  4.72999907 -0.018240137
  4.74999905 -0.0248424858
  4.76999903 -0.0312444922
  4.78999901 -0.0373685695
  4.80999899 -0.0431422256
  4.82999897 -0.0484993421
  4.84999895 -0.0533814058
  4.86999893 -0.05773893
  4.88999891 -0.0615315139
  4.90999889 -0.0647293404
  4.92999887 -0.0673126355
  4.94999886 -0.0692728385
  4.96999884 -0.0706112832
  4.98999882 -0.0713404268
  5.0099988 -0.0714818686
  5.02999878 -0.071066238
  5.04999924 -0.0701321736
  5.06999922 -0.0687256083
  5.0899992 -0.0668984428
  5.10999918 -0.0647063628
  5.12999916 -0.0622084662
  5.14999914 -0.059466213
  5.16999912 -0.0565409102
  5.1899991 -0.053493008
  5.20999908 -0.0503808893
  5.22999907 -0.0472595654
  5.24999905 -0.0441795029
  5.26999903 -0.0411859713
  5.28999901 -0.0383183025
  5.30999899 -0.0356087312
  5.32999802 -0.0330831148
  5.349998 -0.0307594612
  5.36999798 -0.0286487173
  5.38999796 -0.02675483
  5.40999794 -0.0250746664
  5.42999792 -0.0235989355
  5.4499979 -0.0223122947
  5.46999788 -0.0211946275
  5.48999786 -0.0202213097
  5.50999784 -0.0193643738
  5.52999783 -0.0185932908
  5.54999781 -0.0178760551
  5.56999779 -0.017179966
  5.58999777 -0.0164725445
  5.60999823 -0.0157223437
  5.62999821 -0.0148999514
  5.64999819 -0.0139783537
  5.66999817 -0.0129337804
  5.68999815 -0.0117460648
  5.70999813 -0.0103990799
  5.72999811 -0.0088809263
  5.74999809 -0.00718413573
  5.76999807 -0.00530561246
  5.78999805 -0.00324657233
  5.80999804 -0.00101233914
  5.82999802  0.00138795248
  5.849998  0.00394172361
  5.86999798  0.00663338928
  5.88999796  0.00944484491
  5.90999794  0.0123559721
  5.92999792  0.0153451562
  5.9499979  0.018389849
  5.96999788  0.0214670561
  5.98999786  0.0245538447
  6.00999784  0.0276277065
  6.02999783  0.0306672603
  6.04999781  0.0336520039
  6.06999779  0.0365630835
  6.08999777  0.039383512
  6.10999823  0.0420980826
  6.12999821  0.0446931981
  6.14999819  0.0471574366
  6.16999817  0.0494814254
  6.18999815  0.051657062
  6.20999813  0.0536780842
  6.22999811  0.0555399172
  6.24999809  0.0572386049
  6.26999807  0.0587714054
  6.28999805  0.0601364113
  6.30999804  0.0613321215
  6.32999802  0.0623573326
  6.349998  0.0632107332
  6.36999798  0.0638911948
  6.38999701  0.0643971488
  6.40999699  0.0647267923
  6.42999697  0.0648782924
  6.44999695  0.0648487806
  6.46999693  0.0646358132
  6.48999691  0.0642362535
  6.50999689  0.0636469051
  6.52999687  0.0628649294
  6.54999685  0.0618872754
  6.56999683  0.0607114285
  6.58999681  0.0593359657
  6.6099968  0.0577593632
  6.62999678  0.0559816957
  6.64999723  0.0540044568
  6.66999722  0.0518298969
  6.6899972  0.0494622625
  6.70999718  0.0469072089
  6.72999716  0.0441721827
  6.74999714  0.041266121
  6.76999712  0.038199801
  6.7899971  0.0349855982
  6.80999708  0.0316374339
  6.82999706  0.0281706173
  6.84999704  0.0246015023
  6.86999702  0.0209476836
  6.88999701  0.0172272138
  6.90999699  0.0134587884
  6.92999697  0.00966118556
  6.94999695  0.00585316122
  6.96999693  0.00205307337
  6.98999691 -0.00172136817
  7.00999689 -0.00545336772
  7.02999687 -0.0091272397
  7.04999685 -0.0127286799
  7.06999683 -0.0162448138
  7.08999681 -0.0196644571
  7.1099968 -0.0229781494
  7.12999678 -0.0261781234
  7.14999723 -0.0292584877
  7.16999722 -0.0322149172
  7.1899972 -0.0350448228
  7.20999718 -0.0377471298
  7.22999716 -0.0403221101
  7.24999714 -0.0427711606
  7.26999712 -0.0450967886
  7.2899971 -0.0473020375
  7.30999708 -0.0493907221
  7.32999706 -0.0513668135
  7.34999704 -0.0532344282
  7.36999702 -0.0549975224
  7.38999701 -0.0566595346
  7.40999699 -0.0582237802
  7.42999601 -0.0596924834
  7.44999599 -0.0610677749
  7.46999598 -0.0623502024
  7.48999596 -0.0635399073
  7.50999594 -0.0646359324
  7.52999592 -0.0656365752
  7.5499959 -0.066539146
  7.56999588 -0.0673404187
  7.58999586 -0.0680366307
  7.60999584 -0.068623282
  7.62999582 -0.0690956712
  7.6499958 -0.0694492087
  7.66999578 -0.0696789622
  7.68999577 -0.069780387
  7.70999622 -0.0697493553
  7.7299962 -0.0695819557
  7.74999619 -0.0692753047
  7.76999617 -0.0688271746
  7.78999615 -0.068236433
  7.80999613 -0.0675022453
  7.82999611 -0.0666255876
  7.84999609 -0.0656080693
  7.86999607 -0.0644524544
  7.88999605 -0.0631622672
  7.90999603 -0.0617420785
  7.92999601 -0.0601974912
  7.94999599 -0.0585345961
  7.96999598 -0.0567602143
  7.98999596 -0.0548814833
  8.00999546 -0.0529061742
  8.02999592 -0.0508417785
  8.04999638 -0.0486963056
  8.06999683 -0.0464774258
  8.08999729 -0.044192791
  8.10999775 -0.0418494716
  8.12999821 -0.039454367
  8.14999866 -0.0370137952
  8.16999912 -0.0345335156
  8.18999958 -0.0320187919
  8.21000004 -0.0294743199
  8.22999954 -0.0269042812
  8.25000095 -0.0243119467
  8.27000141 -0.0217008572
  8.29000187 -0.0190736074
  8.31000233 -0.0164327864
  8.33000278 -0.0137806702
  8.35000324 -0.0111194076
  8.3700037 -0.00845133327
  8.39000416 -0.00577871827
  8.41000462 -0.00310414378
  8.43000507 -0.000430459011
  8.45000553  0.0022390997
  8.47000599  0.00490087736
  8.49000645  0.00755074387
  8.5100069  0.0101840701
  8.53000736  0.0127957435
  8.55000782  0.0153802186
  8.57000828  0.0179315004
  8.59000874  0.0204432048
  8.61000919  0.0229086354
  8.63000965  0.0253209732
  8.65001011  0.0276733469
  8.67001057  0.0299587138
  8.69001102  0.0321704186
  8.71001053  0.0343017392
  8.73001194  0.0363469087
  8.7500124  0.0382998921
  8.77001286  0.0401556902
  8.79001331  0.0419098325
  8.81001377  0.0435587242
  8.83001423  0.0450993627
  8.85001469  0.0465297289
  8.87001514  0.047848396
  8.8900156  0.0490551554
  8.91001606  0.050150007
  8.93001747  0.0511342399
  8.95001698  0.0520093702
  8.97001743  0.0527780131
  8.99001789  0.0534425378
  9.01001835  0.0540062599
  9.03001881  0.0544726774
  9.05001926  0.054845307
  9.07001972  0.055127427
  9.09002018  0.0553229004
  9.11002064  0.0554349124
  9.1300211  0.0554664545
  9.15002155  0.0554201826
  9.17002201  0.0552983917
  9.19002247  0.0551028922
  9.21002293  0.0548350587
  9.23002338  0.054495763
  9.25002384  0.0540854894
  9.2700243  0.0536042154
  9.29002476  0.0530516468
  9.31002522  0.0524271615
  9.33002567  0.0517301112
  9.35002613  0.0509594083
  9.37002659  0.0501144566
  9.39002705  0.0491942689
  9.41002846  0.0481984317
  9.43002796  0.0471268222
  9.45002842  0.0459797829
  9.47002888  0.0447578579
  9.49002934  0.0434625037
  9.51002979  0.0420956276
  9.53003025  0.0406599008
  9.55003071  0.0391586348
  9.57003117  0.0375957116
  9.59003162  0.0359758697
  9.61003208  0.0343041755
  9.63003254  0.0325863585
  9.650033  0.030828502
  9.67003345  0.0290371589
  9.69003391  0.0272188503
  9.71003437  0.0253803916
  9.73003483  0.0235284343
  9.75003529  0.0216694772
  9.77003574  0.0198097937
  9.7900362  0.0179550871
  9.81003666  0.0161107089
  9.83003712  0.014281177
  9.85003757  0.0124704689
  9.87003803  0.010681754
  9.89003754  0.00891744718
  9.91003895  0.00717887143
  9.93003941  0.0054669911
  9.95003986  0.00378169748
  9.97004032  0.00212224061
  9.99004078  0.000487236364
  10.0100403 -0.00112516969
  10.0300398 -0.00271741487
  10.0500402 -0.00429223338
  10.0700397 -0.00585231045
  10.0900402 -0.00740066124
  10.1100397 -0.00893988647
  10.1300402 -0.0104726544
  10.1500397 -0.0120009342
  10.1700401 -0.013526503
  10.1900501 -0.0150510482
  10.2100496 -0.0165733937
  10.2300501 -0.018093992
  10.2500496 -0.0196115095
  10.27005 -0.0211240742
  10.2900496 -0.0226286706
  10.31005 -0.0241218824
  10.3300505 -0.0255992673
  10.35005 -0.0270558242
  10.3700504 -0.0284861978
  10.3900499 -0.0298843011
  10.4100504 -0.0312440116
  10.4300499 -0.0325588025
  10.4500504 -0.0338224284
  10.4700499 -0.0350284353
  10.4900503 -0.036171034
  10.5100498 -0.037244413
  10.5300503 -0.0382438637
  10.5500498 -0.0391647927
  10.5700502 -0.0400037393
  10.5900497 -0.040757861
  10.6100502 -0.0414254181
  10.6300602 -0.0420056917
  10.6500597 -0.0424980856
  10.6700602 -0.0429037921
  10.6900597 -0.0432246365
  10.7100601 -0.0434631743
  10.7300596 -0.0436225124
  10.7500601 -0.0437066108
  10.7700596 -0.0437197983
  10.79006 -0.0436666347
  10.8100595 -0.0435519926
  10.83006 -0.0433807671
  10.8500605 -0.0431576967
  10.87006 -0.0428872705
  10.8900604 -0.04257394
  10.9100599 -0.0422210693
  10.9300604 -0.041831933
  10.9500599 -0.041408997
  10.9700603 -0.0409539789
  10.9900599 -0.0404679142
  11.0100603 -0.0399510488
  11.0300598 -0.0394028053
  11.0500698 -0.038821809
  11.0700703 -0.0382067263
  11.0900698 -0.0375549309
  11.1100702 -0.0368635505
  11.1300697 -0.0361294337
  11.1500702 -0.0353492126
  11.1700697 -0.0345194004
  11.1900702 -0.033636637
  11.2100697 -0.0326979235
  11.2300701 -0.031700179
  11.2500696 -0.0306413081
  11.2700701 -0.0295194648
  11.2900696 -0.0283337384
  11.31007 -0.0270836931
  11.3300695 -0.0257700626
  11.35007 -0.0243941676
  11.3700705 -0.0229584035
  11.39007 -0.0214660093
  11.4100704 -0.0199208874
  11.4300699 -0.018328011
  11.4500704 -0.0166926831
  11.4700699 -0.0150212692
  11.4900799 -0.0133192455
  11.5100803 -0.0115953572
  11.5300798 -0.00985603873
  11.5500803 -0.0081083728
  11.5700798 -0.00635974761
  11.5900803 -0.00461699208
  11.6100798 -0.0028869533
  11.6300802 -0.00117571803
  11.6500797  0.000510864658
  11.6700802  0.0021678945
  11.6900797  0.00379086868
  11.7100801  0.00537634268
  11.7300797  0.00692135142
  11.7500801  0.00842399243
  11.7700796  0.00988285337
  11.7900801  0.0112975184
  11.8100796  0.0126679307
  11.83008  0.0139948986
  11.8500795  0.0152794588
  11.87008  0.016523229
  11.8900805  0.0177279823
  11.91008  0.0188954603
  11.93009  0.0200283285
  11.9500904  0.0211271718
  11.9700899  0.0221940931
  11.9900904  0.0232304055
  12.0100899  0.0242368355
  12.0300903  0.0252136905
  12.0500898  0.0261606872
  12.0700903  0.0270769652
  12.0900898  0.0279609263
  12.1100903  0.0288104322
  12.1300898  0.0296227839
  12.1500902  0.0303945933
  12.1700897  0.0311221015
  12.1900902  0.0318010524
  12.2100897  0.0324267969
  12.2300901  0.0329946317
  12.2500896  0.0334995762
  12.2700901  0.0339368023
  12.2900896  0.0343016572
  12.3100901  0.0345895402
  12.3300896  0.0347964317
  12.35009  0.034918759
  12.3701  0.0349534117
  12.3900995  0.0348981097
  12.4101  0.0347512253
  12.4301004  0.0345120206
  12.4500999  0.0341804437
  12.4701004  0.0337573402
  12.4900999  0.0332444459
  12.5101004  0.0326440893
  12.5300999  0.031959597
  12.5501003  0.0311946813
  12.5700998  0.0303539857
  12.5901003  0.0294423942
  12.6100998  0.0284653958
  12.6301003  0.027428586
  12.6500998  0.0263379682
  12.6701002  0.0251995083
  12.6900997  0.024019165
  12.7101002  0.0228027888
  12.7300997  0.0215561017
  12.7501001  0.0202842988
  12.7700996  0.0189925935
  12.7901001  0.0176853389
  12.8101101  0.0163661819
  12.8301096  0.0150400167
  12.8501101  0.0137093244
  12.8701096  0.0123768998
  12.89011  0.0110449288
  12.9101105  0.00971529447
  12.93011  0.008389608
  12.9501104  0.00706895534
  12.9701099  0.00575444521
  12.9901104  0.0044468306
  13.0101099  0.00314699882
  13.0301104  0.00185559725
  13.0501099  0.000573591911
  13.0701103 -0.000698161486
  13.0901098 -0.00195837556
  13.1101103 -0.00320576434
  13.1301098 -0.00443853438
  13.1501102 -0.00565482723
  13.1701097 -0.00685224915
  13.1901102 -0.00802830979
  13.2101097 -0.00918006338
  13.2301102 -0.0103044705
  13.2501202 -0.0113986675
  13.2701197 -0.0124580422
  13.2901201 -0.0134796463
  13.3101196 -0.0144597404
  13.3301201 -0.0153947957
  13.3501196 -0.0162812658
  13.37012 -0.0171158947
  13.3901196 -0.0178955607
  13.41012 -0.0186176244
  13.4301205 -0.019279588
  13.45012 -0.019879533
  13.4701204 -0.0204160009
  13.4901199 -0.0208879057
  13.5101204 -0.0212947503
  13.5301199 -0.0216364712
  13.5501204 -0.0219134819
  13.5701199 -0.0221266802
  13.5901203 -0.0222773366
  13.6101198 -0.0223671142
  13.6301203 -0.0223979354
  13.6501198 -0.0223720204
  13.6701298 -0.0222916827
  13.6901302 -0.0221594237
  13.7101297 -0.0219777748
  13.7301302 -0.0217491593
  13.7501297 -0.0214759987
  13.7701302 -0.0211604461
  13.7901297 -0.0208045356
  13.8101301 -0.0204099994
  13.8301296 -0.0199784245
  13.8501301 -0.019510949
  13.8701296 -0.0190085582
  13.89013 -0.0184718687
  13.9101295 -0.0179013945
  13.93013 -0.0172972474
  13.9501305 -0.0166595336
  13.97013 -0.015988199
  13.9901304 -0.0152831422
  14.0101299 -0.0145442653
  14.0301304 -0.0137715712
  14.0501299 -0.0129652722
  14.0701303 -0.0121257044
  14.0901299 -0.0112536177
  14.1101398 -0.0103495484
  14.1301403 -0.0094158221
  14.1501398 -0.00845393911
  14.1701403 -0.00746610994
  14.1901398 -0.0064552268
  14.2101402 -0.00542445388
  14.2301397 -0.00437759655
  14.2501402 -0.0033186709
  14.2701397 -0.00225227908
  14.2901402 -0.00118313497
  14.3101397 -0.000116410461
  14.3301401  0.000942751707
  14.3501396  0.00198891712
  14.3701401  0.0030168416
  14.3901396  0.00402118312
  14.41014  0.00499693677
  14.4301395  0.00593920052
  14.45014  0.00684360648
  14.4701405  0.00770602515
  14.49014  0.00852283649
  14.5101404  0.00929106958
  14.5301399  0.0100081814
  14.5501499  0.0106726475
  14.5701504  0.0112825176
  14.5901499  0.0118374042
  14.6101503  0.0123372544
  14.6301498  0.0127824266
  14.6501503  0.0131738894
  14.6701498  0.0135129588
  14.6901503  0.0138013689
  14.7101498  0.0140410624
  14.7301502  0.0142343007
  14.7501497  0.0143833375
  14.7701502  0.0144905662
  14.7901497  0.0145582501
  14.8101501  0.0145885656
  14.8301497  0.0145834908
  14.8501501  0.0145447524
  14.8701496  0.0144737568
  14.8901501  0.0143716009
  14.9101496  0.0142390085
  14.93015  0.0140763726
  14.9501495  0.0138836708
  14.97015  0.0136606283
  14.99016  0.0134065058
  15.0101604  0.0131207118
  15.03016  0.0128021371
  15.0501604  0.0124496706
  15.0701599  0.0120621789
  15.0901604  0.0116385212
  15.1101599  0.0111778183
  15.1301603  0.0106792441
  15.1501598  0.0101424232
  15.1701603  0.00956721231
  15.1901598  0.00895400997
  15.2101603  0.0083035985
  15.2301598  0.00761734555
  15.2501602  0.00689706067
  15.2701597  0.00614521652
  15.2901602  0.0053646788
  15.3101597  0.00455898745
  15.3301601  0.00373196648
  15.3501596  0.00288803293
  15.3701601  0.0020317731
  15.3901596  0.00116820436
  15.4101601  0.000302348286
  15.4301701 -0.000560980814
  15.4501696 -0.00141576724
  15.47017 -0.00225747307
  15.4901695 -0.00308122742
  15.51017 -0.00388263911
  15.5301704 -0.00465761498
  15.5501699 -0.00540255709
  15.5701704 -0.00611455319
  15.5901699 -0.00679114275
  15.6101704 -0.00743066613
  15.6301699 -0.00803200155
  15.6501703 -0.00859482307
  15.6701698 -0.00911935978
  15.6901703 -0.00960655697
  15.7101698 -0.0100578386
  15.7301702 -0.0104752565
  15.7501698 -0.0108611519
  15.7701702 -0.0112183234
  15.7901697 -0.0115497513
  15.8101702 -0.0118585965
  15.8301697 -0.0121480227
  15.8501701 -0.0124210967
  15.8701801 -0.0126808742
  15.8901796 -0.0129297161
  15.9101801 -0.013170043
  15.9301796 -0.0134036401
  15.9501801 -0.0136318412
  15.9701796 -0.0138553875
  15.99018 -0.0140744448
  16.0101795 -0.0142885586
  16.03018 -0.0144967157
  16.0501804 -0.0146973263
  16.0701809 -0.0148882316
  16.0901794 -0.015066809
  16.1101799 -0.0152300727
  16.1301804 -0.0153746894
  16.1501808 -0.0154971136
  16.1701794 -0.0155935949
  16.1901798 -0.015660543
  16.2101803 -0.0156942699
  16.2301807 -0.0156914275
  16.2501793 -0.015648853
  16.2701797 -0.0155638522
  16.2901802 -0.015434158
  16.3101807 -0.0152580589
  16.3301792 -0.0150344865
  16.3501892 -0.0147627732
  16.3701897 -0.0144433742
  16.3901901 -0.0140770338
  16.4101906 -0.0136652263
  16.4301891 -0.0132101532
  16.4501896 -0.0127143767
  16.47019 -0.0121811628
  16.4901905 -0.0116141383
  16.5101891 -0.0110173291
  16.5301895 -0.0103948368
  16.55019 -0.00975112151
  16.5701904 -0.00909061264
  16.5901909 -0.008417679
  16.6101894 -0.00773662003
  16.6301899 -0.00705128442
  16.6501904 -0.00636540726
  16.6701908 -0.00568221696
  16.6901894 -0.00500459271
  16.7101898 -0.00433469145
  16.7301903 -0.00367433019
  16.7501907 -0.00302471756
  16.7702007 -0.00238622958
  16.7901993 -0.00175967719
  16.8101997 -0.00114430382
  16.8302002 -0.000539398054
  16.8502007  5.61725574E-05
  16.8701992  0.00064378744
  16.8901997  0.00122520549
  16.9102001  0.00180213968
  16.9302006  0.0023763997
  16.9501991  0.00294968742
  16.9701996  0.00352371973
  16.9902  0.00409984076
  17.0102005  0.00467913831
  17.0301991  0.00526228826
  17.0501995  0.00584973209
  17.0702  0.00644130073
  17.0902004  0.00703639677
  17.1102009  0.00763395568
  17.1301994  0.00823240075
  17.1501999  0.00882987119
  17.1702003  0.00942397676
  17.1902008  0.0100119719
  17.2102108  0.0105911568
  17.2302094  0.011157738
  17.2502098  0.0117088081
  17.2702103  0.01224095
  17.2902107  0.0127508808
  17.3102093  0.0132354209
  17.3302097  0.0136917578
  17.3502102  0.0141172567
  17.3702106  0.0145097142
  17.3902092  0.0148673328
  17.4102097  0.0151889091
  17.4302101  0.0154737076
  17.4502106  0.0157215148
  17.4702091  0.0159326885
  17.4902096  0.0161081664
  17.51021  0.016249381
  17.5302105  0.0163581986
  17.550211  0.0164368935
  17.5702095  0.0164881349
  17.59021  0.0165148024
  17.6102104  0.0165199675
  17.6302109  0.0165067967
  17.6502209  0.0164783634
  17.6702194  0.0164377522
  17.6902199  0.0163877402
  17.7102203  0.0163308643
  17.7302208  0.0162692778
  17.7502193  0.0162046999
  17.7702198  0.0161383022
  17.7902203  0.0160708167
  17.8102207  0.0160023626
  17.8302193  0.0159325004
  17.8502197  0.0158602037
  17.8702202  0.0157839172
  17.8902206  0.0157016087
  17.9102192  0.0156107983
  17.9302197  0.0155085865
  17.9502201  0.0153918304
  17.9702206  0.0152571239
  17.9902191  0.015100996
  18.0102196  0.0149198808
  18.03022  0.0147103798
  18.0502205  0.0144692175
  18.0702209  0.0141933821
  18.0902309  0.0138800982
  18.1102295  0.0135275051
  18.1302299  0.0131336739
  18.1502304  0.0126975272
  18.1702309  0.0122184865
  18.1902294  0.0116966441
  18.2102299  0.0111326138
  18.2302303  0.0105277086
  18.2502308  0.00988379028
  18.2702293  0.00920335576
  18.2902298  0.00848915428
  18.3102303  0.00774456607
  18.3302307  0.00697326288
  18.3502293  0.00617923774
  18.3702297  0.00536643248
  18.3902302  0.0045391079
  18.4102306  0.00370139792
  18.4302292  0.00285745948
  18.4502296  0.00201099156
  18.4702301  0.0011656885
  18.4902306  0.000324821478
  18.5102291 -0.00050863967
  18.5302391 -0.00133278011
  18.5502396 -0.00214473018
  18.57024 -0.00294335163
  18.5902405 -0.00372758321
  18.6102409 -0.00449681422
  18.6302395 -0.00525079435
  18.6502399 -0.00598985935
  18.6702404 -0.00671448605
  18.6902409 -0.00742546842
  18.7102394 -0.00812372193
  18.7302399 -0.0088105062
  18.7502403 -0.00948690157
  18.7702408 -0.0101540312
  18.7902393 -0.0108128479
  18.8102398 -0.0114642736
  18.8302402 -0.0121087776
  18.8502407 -0.0127466535
  18.8702393 -0.0133777093
  18.8902397 -0.014001552
  18.9102402 -0.014617186
  18.9302406 -0.0152232749
  18.9502392 -0.0158179719
  18.9702492 -0.0163995214
  18.9902496 -0.0169647466
  19.0102501 -0.0175110754
  19.0302505 -0.0180353764
  19.0502491 -0.018534258
  19.0702496 -0.0190043729
  19.09025 -0.0194422137
  19.1102505 -0.0198442247
  19.1302509 -0.0202071015
  19.1502495 -0.0205276944
  19.1702499 -0.0208031107
  19.1902504 -0.0210308153
  19.2102509 -0.0212087035
  19.2302494 -0.0213350952
  19.2502499 -0.0214088634
  19.2702503 -0.021429373
  19.2902508 -0.0213965569
  19.3102493 -0.0213109534
  19.3302498 -0.0211734772
  19.3502502 -0.0209858119
  19.3702507 -0.0207499042
  19.3902493 -0.0204683021
  19.4102592 -0.0201435834
  19.4302597 -0.0197792649
  19.4502602 -0.0193785653
  19.4702606 -0.0189450216
  19.4902592 -0.0184822623
  19.5102596 -0.0179938395
  19.5302601 -0.0174832288
  19.5502605 -0.0169538632
  19.5702591 -0.0164088383
  19.5902596 -0.0158508774
  19.61026 -0.0152825285
  19.6302605 -0.0147058498
  19.6502609 -0.0141225206
  19.6702595 -0.0135338455
  19.6902599 -0.0129404953
  19.7102604 -0.0123429112
  19.7302608 -0.0117410459
  19.7502594 -0.0111345546
  19.7702599 -0.010522563
  19.7902603 -0.00990411639
  19.8102608 -0.00927791744
  19.8302708 -0.00864226185
  19.8502693 -0.00799627975
  19.8702698 -0.00733798696
  19.8902702 -0.0066659376
  19.9102707 -0.00597872306
  19.9302692 -0.0052751489
  19.9502697 -0.00455407798
  19.9702702 -0.00381482765
  19.9902706 -0.00305697857
  20.0102692 -0.00228053448
  20.0302696 -0.00148564694
  20.0502701 -0.000673095929
  20.0702705  0.000156035137
  20.0902691  0.00100018259
  20.1102695  0.00185765594
  20.13027  0.00272617
  20.1502705  0.00360320881
  20.1702709  0.00448597129
  20.1902695  0.00537133962
  20.2102699  0.00625625672
  20.2302704  0.00713729532
  20.2502708  0.00801099371
  20.2702808  0.00887428876
  20.2902794  0.00972280279
  20.3102798  0.0105537325
  20.3302803  0.011363673
  20.3502808  0.0121494923
  20.3702793  0.0129081113
  20.3902798  0.013636915
  20.4102802  0.0143332398
  20.4302807  0.0149947675
  20.4502792  0.0156193199
  20.4702797  0.0162052158
  20.4902802  0.0167507268
  20.5102806  0.0172544606
  20.5302792  0.0177152082
  20.5502796  0.0181320757
  20.5702801  0.0185041949
  20.5902805  0.0188309569
  20.6102791  0.0191118456
  20.6302795  0.0193465296
  20.65028  0.0195347294
  20.6702805  0.0196763314
  20.6902809  0.0197712276
  20.7102909  0.0198194869
  20.7302895  0.0198212024
  20.7502899  0.0197765958
  20.7702904  0.019685965
  20.7902908  0.0195497461
  20.8102894  0.019368453
  20.8302898  0.019142732
  20.8502903  0.0188733693
  20.8702908  0.0185613614
  20.8902893  0.018207863
  20.9102898  0.0178141799
  20.9302902  0.0173818748
  20.9502907  0.0169126708
  20.9702892  0.016408667
  20.9902897  0.0158719569
  21.0102901  0.0153049799
  21.0302906  0.0147104077
  21.0502892  0.0140911061
  21.0702896  0.0134499539
  21.0902901  0.0127901603
  21.1102905  0.0121149495
  21.1302891  0.0114277126
  21.1502991  0.0107313376
  21.1702995  0.0100299092
  21.1903  0.00932634901
  21.2103004  0.00862385798
  21.2303009  0.00792544708
  21.2502995  0.0072340155
  21.2702999  0.00655202335
  21.2903004  0.00588186551
  21.3103008  0.00522556063
  21.3302994  0.00458485913
  21.3502998  0.00396098848
  21.3703003  0.00335500157
  21.3903008  0.002767534
  21.4102993  0.00219892454
  21.4302998  0.00164902152
  21.4503002  0.00111752062
  21.4703007  0.000603788765
  21.4902992  0.000106996777
  21.5102997 -0.000374022726
  21.5303001 -0.000840440684
  21.5503006 -0.0012935733
  21.5702991 -0.00173473428
  21.5903091 -0.00216555782
  21.6103096 -0.00258686696
  21.6303101 -0.00300003355
  21.6503105 -0.00340605341
  21.6703091 -0.00380567648
  21.6903095 -0.00419953419
  21.71031 -0.00458787475
  21.7303104 -0.00497068511
  21.7503109 -0.00534767704
  21.7703094 -0.00571820699
  21.7903099 -0.00608146423
  21.8103104 -0.00643625855
  21.8303108 -0.00678118039
  21.8503094 -0.00711459806
  21.8703098 -0.00743479049
  21.8903103 -0.0077398275
  21.9103107 -0.00802774075
  21.9303093 -0.00829651114
  21.9503098 -0.00854425877
  21.9703102 -0.00876911078
  21.9903107 -0.00896936096
  22.0103092 -0.00914349966
  22.0303192 -0.00929038692
  22.0503197 -0.00940887071
  22.0703201 -0.00949840341
  22.0903206 -0.00955865346
  22.1103191 -0.0095896665
  22.1303196 -0.00959185418
  22.1503201 -0.0095659364
  22.1703205 -0.00951301027
  22.1903191 -0.00943446159
  22.2103195 -0.00933195371
  22.23032 -0.00920739863
  22.2503204 -0.00906288531
  22.2703209 -0.00890064612
  22.2903194 -0.00872301217
  22.3103199 -0.00853229407
  22.3303204 -0.0083308043
  22.3503208 -0.00812076498
  22.3703194 -0.00790424924
  22.3903198 -0.00768310949
  22.4103203 -0.00745901512
  22.4303207 -0.00723332772
  22.4503307 -0.00700702984
  22.4703293 -0.00678111985
  22.4903297 -0.00655589718
  22.5103302 -0.00633151177
  22.5303307 -0.00610778853
  22.5503292 -0.00588429533
  22.5703297 -0.00566028059
  22.5903301 -0.00543484557
  22.6103306 -0.0052069095
  22.6303291 -0.0049753082
  22.6503296 -0.00473873504
  22.67033 -0.00449597044
  22.6903305 -0.00424582884
  22.7103291 -0.00398726854
  22.7303295 -0.0037193459
  22.75033 -0.00344142527
  22.7703304 -0.0031531055
  22.7903309 -0.00285429531
  22.8103294 -0.00254527107
  22.8303299 -0.00222656596
  22.8503304 -0.00189916475
  22.8703308 -0.00156437757
  22.8903408 -0.00122369116
  22.9103394 -0.000879433588
  22.9303398 -0.00053362851
  22.9503403 -0.000188796766
  22.9703407  0.00015238882
  22.9903393  0.000487097044
  23.0103397  0.000812530227
  23.0303402  0.00112580135
  23.0503407  0.001424129
  23.0703392  0.00170485431
  23.0903397  0.00196560565
  23.1103401  0.0022042077
  23.1303406  0.00241884287
  23.1503391  0.00260805571
  23.1703396  0.00277087186
  23.19034  0.00290670735
  23.2103405  0.00301547442
  23.2303391  0.003097557
  23.2503395  0.00315383752
  23.27034  0.0031856345
  23.2903404  0.00319470628
  23.3103409  0.00318320561
  23.3303509  0.00315361354
  23.3503494  0.00310874847
  23.3703499  0.0030515939
  23.3903503  0.0029853119
  23.4103508  0.00291313324
  23.4303493  0.00283829286
  23.4503498  0.00276392605
  23.4703503  0.0026930368
  23.4903507  0.00262839277
  23.5103493  0.00257247733
  23.5303497  0.00252740574
  23.5503502  0.00249491469
  23.5703506  0.00247628987
  23.5903492  0.00247235317
  23.6103497  0.00248344103
  23.6303501  0.00250940584
  23.6503506  0.00254961406
  23.6703491  0.00260297162
  23.6903496  0.00266796676
  23.71035  0.00274269097
  23.7303505  0.00282490114
  23.750351  0.00291207992
  23.7703609  0.00300154393
  23.7903595  0.00309033343
  23.81036  0.00317557738
  23.8303604  0.00325434818
  23.8503609  0.00332381343
  23.8703594  0.00338128977
  23.8903599  0.00342433248
  23.9103603  0.00345076737
  23.9303608  0.00345876114
  23.9503593  0.00344686769
  23.9703598  0.00341404951
  23.9903603  0.00335971545
  24.0103607  0.00328372931
  24.0303593  0.00318641751
  24.0503597  0.00306852697
  24.0703602  0.00293125561
  24.0903606  0.00277618994
  24.1103592  0.00260529155
  24.1303596  0.00242077839
  24.1503601  0.0022251748
  24.1703606  0.00202118512
  24.1903591  0.00181166735
  24.2103691  0.00159938564
  24.2303696  0.0013874711
  24.25037  0.00117867277
  24.2703705  0.000975716044
  24.2903709  0.000781150826
  24.3103695  0.000597310718
  24.3303699  0.000426207465
  24.3503704  0.000269592565
  24.3703709  0.000128862957
  24.3903694  5.06706192E-06
  24.4103699 -0.000101148129
