 H   K   L   Q[A-1]   d[A]   Intensity   real(amp)   im(amp)
 -50  -30    0  6.2226  1.0097 0.316143E+05 0.176701E+03 -.197773E+02
 -50  -20  -20  6.1304  1.0249 0.177203E+04 -.266175E+01 0.420113E+02
 -50  -20  -10  5.8451  1.0749 0.266902E+05 0.160874E+03 -.284563E+02
 -50  -20    0  5.7469  1.0933 0.106577E+04 0.261745E+02 0.195107E+02
 -50  -20   10  5.8451  1.0749 0.290826E+05 0.167240E+03 0.333693E+02
 -50  -20   20  6.1304  1.0249 0.631735E+04 0.791036E+02 0.774435E+01
 -50  -10  -20  5.8451  1.0749 0.374876E+05 0.179500E+03 -.725767E+02
 -50  -10  -10  5.5452  1.1331 0.593927E+04 -.310718E+02 -.705252E+02
 -50  -10    0  5.4415  1.1547 0.650329E+05 0.255001E+03 0.274855E+01
 -50  -10   10  5.5452  1.1331 0.214587E+04 0.372855E+02 -.274893E+02
 -50  -10   20  5.8451  1.0749 0.268771E+05 0.159243E+03 0.389708E+02
 -50    0  -30  6.2226  1.0097 0.185775E+05 0.136287E+03 0.183999E+01
 -50    0  -20  5.7469  1.0933 0.117593E+05 -.905156E+02 -.597176E+02
 -50    0  -10  5.4415  1.1547 0.127129E+06 0.354893E+03 0.343493E+02
 -50    0    0  5.3359  1.1775 0.439604E+03 -.209480E+02 -.886315E+00
 -50    0   10  5.4415  1.1547 0.112253E+06 0.334569E+03 -.177874E+02
 -50    0   20  5.7469  1.0933 0.953070E+03 0.237104E+02 -.197709E+02
 -50    0   30  6.2226  1.0097 0.429597E+05 0.201785E+03 0.473557E+02
 -50   10  -20  5.8451  1.0749 0.198664E+05 0.140424E+03 0.121442E+02
 -50   10  -10  5.5452  1.1331 0.204639E+03 0.725139E+01 0.123311E+02
 -50   10    0  5.4415  1.1547 0.125473E+06 0.354033E+03 -.115448E+02
 -50   10   10  5.5452  1.1331 0.108513E+04 -.920352E+01 0.316295E+02
 -50   10   20  5.8451  1.0749 0.314758E+05 0.169087E+03 -.537142E+02
 -50   20  -20  6.1304  1.0249 0.179789E+03 -.122835E+02 0.537626E+01
 -50   20  -10  5.8451  1.0749 0.190382E+05 0.104180E+03 -.904692E+02
 -50   20    0  5.7469  1.0933 0.529387E+04 0.158161E+02 0.710192E+02
 -50   20   10  5.8451  1.0749 0.304002E+05 0.163343E+03 -.609860E+02
 -50   20   20  6.1304  1.0249 0.232477E+04 0.157689E+00 -.482156E+02
 -50   30    0  6.2226  1.0097 0.354101E+05 0.184091E+03 -.389948E+02
 -40  -40  -10  6.1304  1.0249 0.824680E+04 -.472873E+02 -.775288E+02
 -40  -40    0  6.0368  1.0408 0.188695E+06 0.430348E+03 -.591223E+02
 -40  -40   10  6.1304  1.0249 0.705326E+03 -.373427E+01 -.262941E+02
 -40  -30  -30  6.2226  1.0097 0.465979E+05 0.206653E+03 0.623901E+02
 -40  -30  -20  5.7469  1.0933 0.353281E+04 -.480382E+02 0.350020E+02
 -40  -30  -10  5.4415  1.1547 0.379503E+06 0.615890E+03 0.135043E+02
 -40  -30    0  5.3359  1.1775 0.260835E+04 -.417702E+02 -.293872E+02
 -40  -30   10  5.4415  1.1547 0.311108E+06 0.556272E+03 0.408601E+02
 -40  -30   20  5.7469  1.0933 0.103337E+03 -.960671E+01 0.332387E+01
 -40  -30   30  6.2226  1.0097 0.866340E+05 0.294315E+03 0.359325E+01
 -40  -20  -30  5.7469  1.0933 0.586299E+04 0.256277E+02 0.721541E+02
 -40  -20  -20  5.2281  1.2018 0.222859E+06 0.470302E+03 -.409211E+02
 -40  -20  -10  4.8904  1.2848 0.153183E+03 0.123745E+02 0.233509E+00
 -40  -20    0  4.7725  1.3165 0.828307E+06 0.910029E+03 -.124688E+02
 -40  -20   10  4.8904  1.2848 0.299794E+03 0.172321E+02 -.168724E+01
 -40  -20   20  5.2281  1.2018 0.213169E+06 0.457995E+03 0.583906E+02
 -40  -20   30  5.7469  1.0933 0.161726E+04 -.330695E+02 -.228838E+02
 -40  -10  -40  6.1304  1.0249 0.103955E+04 0.301137E+02 -.115202E+02
 -40  -10  -30  5.4415  1.1547 0.333912E+06 0.576839E+03 -.341940E+02
 -40  -10  -20  4.8904  1.2848 0.103563E+04 0.264839E+02 -.182819E+02
 -40  -10  -10  4.5276  1.3877 0.162544E+07 0.127490E+04 -.923358E+01
 -40  -10    0  4.4001  1.4280 0.599491E+04 0.245980E+02 -.734156E+02
 -40  -10   10  4.5276  1.3877 0.146168E+07 0.120898E+04 -.674995E+01
 -40  -10   20  4.8904  1.2848 0.485437E+03 0.125459E+02 -.181118E+02
 -40  -10   30  5.4415  1.1547 0.344539E+06 0.585680E+03 0.389644E+02
 -40  -10   40  6.1304  1.0249 0.167697E+04 -.115562E+02 -.392865E+02
 -40    0  -40  6.0368  1.0408 0.262271E+06 0.510376E+03 0.422755E+02
 -40    0  -30  5.3359  1.1775 0.106468E+04 -.208489E+02 -.250999E+02
 -40    0  -20  4.7725  1.3165 0.106754E+07 0.103247E+04 0.393965E+02
 -40    0  -10  4.4001  1.4280 0.112782E+05 0.178048E+02 -.104696E+03
 -40    0    0  4.2687  1.4719 0.452385E+07 0.212635E+04 0.499989E+02
 -40    0   10  4.4001  1.4280 0.375028E+04 -.115520E+02 -.601401E+02
 -40    0   20  4.7725  1.3165 0.936802E+06 0.967380E+03 -.312568E+02
 -40    0   30  5.3359  1.1775 0.915312E+03 0.165796E+00 0.302537E+02
 -40    0   40  6.0368  1.0408 0.247051E+06 0.497042E+03 0.552230E-02
 -40   10  -40  6.1304  1.0249 0.194127E+04 -.398617E+02 0.187701E+02
 -40   10  -30  5.4415  1.1547 0.341372E+06 0.580292E+03 0.680654E+02
 -40   10  -20  4.8904  1.2848 0.168465E+04 -.182399E+02 -.367690E+02
 -40   10  -10  4.5276  1.3877 0.175270E+07 0.132201E+04 0.706681E+02
 -40   10    0  4.4001  1.4280 0.125154E+04 0.353452E+02 0.150152E+01
 -40   10   10  4.5276  1.3877 0.168711E+07 0.129842E+04 -.348164E+02
 -40   10   20  4.8904  1.2848 0.799636E+03 0.110922E+02 -.260115E+02
 -40   10   30  5.4415  1.1547 0.312428E+06 0.558018E+03 0.323149E+02
 -40   10   40  6.1304  1.0249 0.103647E+04 -.782420E+01 -.312290E+02
 -40   20  -30  5.7469  1.0933 0.127436E+04 -.685875E+01 0.350331E+02
 -40   20  -20  5.2281  1.2018 0.183248E+06 0.428012E+03 0.731535E+01
 -40   20  -10  4.8904  1.2848 0.634763E+04 0.796690E+02 -.692986E+00
 -40   20    0  4.7725  1.3165 0.964968E+06 0.982255E+03 0.119596E+02
 -40   20   10  4.8904  1.2848 0.327279E+04 -.562720E+02 -.103080E+02
 -40   20   20  5.2281  1.2018 0.184613E+06 0.428639E+03 -.296962E+02
 -40   20   30  5.7469  1.0933 0.187406E+04 0.372462E+02 -.220631E+02
 -40   30  -30  6.2226  1.0097 0.127681E+06 0.356946E+03 0.164563E+02
 -40   30  -20  5.7469  1.0933 0.102950E+05 0.565359E+02 -.842538E+02
 -40   30  -10  5.4415  1.1547 0.334325E+06 0.576979E+03 -.376860E+02
 -40   30    0  5.3359  1.1775 0.174132E+04 -.284777E+02 -.305014E+02
 -40   30   10  5.4415  1.1547 0.377838E+06 0.614127E+03 -.261868E+02
 -40   30   20  5.7469  1.0933 0.652838E+04 -.302091E+02 -.749386E+02
 -40   30   30  6.2226  1.0097 0.583134E+05 0.220960E+03 0.974167E+02
 -40   40  -10  6.1304  1.0249 0.158758E+05 0.288141E+02 -.122660E+03
 -40   40    0  6.0368  1.0408 0.315012E+06 0.561078E+03 0.142475E+02
 -40   40   10  6.1304  1.0249 0.329174E+04 -.327739E+02 -.470915E+02
 -30  -50    0  6.2226  1.0097 0.321995E+05 0.174523E+03 -.417288E+02
 -30  -40  -30  6.2226  1.0097 0.995276E+05 0.313638E+03 0.340394E+02
 -30  -40  -20  5.7469  1.0933 0.382599E+04 0.390623E+02 -.479596E+02
 -30  -40  -10  5.4415  1.1547 0.390010E+06 0.624496E+03 0.379372E+01
 -30  -40    0  5.3359  1.1775 0.289479E+04 -.308832E+01 -.537146E+02
 -30  -40   10  5.4415  1.1547 0.283675E+06 0.532610E+03 0.127921E+01
 -30  -40   20  5.7469  1.0933 0.173554E+04 0.312177E+02 -.275862E+02
 -30  -40   30  6.2226  1.0097 0.104912E+06 0.314611E+03 -.770221E+02
 -30  -30  -40  6.2226  1.0097 0.367539E+05 0.191173E+03 -.143800E+02
 -30  -30  -30  5.5452  1.1331 0.135605E+04 -.131330E+02 0.344031E+02
 -30  -30  -20  5.0055  1.2553 0.520486E+05 0.220288E+03 0.593437E+02
 -30  -30  -10  4.6517  1.3507 0.143187E+04 -.336062E+02 -.173924E+02
 -30  -30    0  4.5276  1.3877 0.309813E+06 0.556362E+03 0.165646E+02
 -30  -30   10  4.6517  1.3507 0.315821E+03 -.155504E+02 -.860268E+01
 -30  -30   20  5.0055  1.2553 0.245861E+05 0.156376E+03 0.115125E+02
 -30  -30   30  5.5452  1.1331 0.635897E+04 -.779001E+02 -.170453E+02
 -30  -30   40  6.2226  1.0097 0.806966E+05 0.272604E+03 -.798974E+02
 -30  -20  -40  5.7469  1.0933 0.248426E+03 0.767255E+01 -.137680E+02
 -30  -20  -30  5.0055  1.2553 0.152121E+05 0.117183E+03 -.384728E+02
 -30  -20  -20  4.4001  1.4280 0.381987E+04 0.384199E+02 0.484126E+02
 -30  -20  -10  3.9930  1.5736 0.149567E+05 -.121304E+03 -.155549E+02
 -30  -20    0  3.8477  1.6330 0.157464E+03 0.119415E+02 0.385555E+01
 -30  -20   10  3.9930  1.5736 0.319694E+05 -.178197E+03 -.146676E+02
 -30  -20   20  4.4001  1.4280 0.360611E+04 -.595500E+02 0.773991E+01
 -30  -20   30  5.0055  1.2553 0.317901E+05 0.178246E+03 -.428533E+01
 -30  -20   40  5.7469  1.0933 0.102898E+05 -.584540E+02 -.829028E+02
 -30  -10  -40  5.4415  1.1547 0.385172E+06 0.620010E+03 0.275780E+02
 -30  -10  -30  4.6517  1.3507 0.777156E+04 0.881511E+02 0.969736E+00
 -30  -10  -20  3.9930  1.5736 0.158405E+05 -.114761E+03 -.516758E+02
 -30  -10  -10  3.5394  1.7752 0.330900E+04 0.526427E+02 -.231894E+02
 -30  -10    0  3.3747  1.8619 0.963514E+06 0.981516E+03 -.118374E+02
 -30  -10   10  3.5394  1.7752 0.256245E+04 -.366119E+02 -.349574E+02
 -30  -10   20  3.9930  1.5736 0.245948E+05 -.155705E+03 -.187267E+02
 -30  -10   30  4.6517  1.3507 0.159978E+04 -.288076E+02 0.277470E+02
 -30  -10   40  5.4415  1.1547 0.363614E+06 0.601807E+03 -.379781E+02
 -30    0  -50  6.2226  1.0097 0.513146E+05 0.226524E+03 0.119442E+01
 -30    0  -40  5.3359  1.1775 0.263596E+04 -.150715E+02 -.490796E+02
 -30    0  -30  4.5276  1.3877 0.394388E+06 0.626553E+03 0.426634E+02
 -30    0  -20  3.8477  1.6330 0.225561E+04 0.228662E+02 -.416263E+02
 -30    0  -10  3.3747  1.8619 0.117918E+07 0.108456E+04 0.538494E+02
 -30    0    0  3.2015  1.9626 0.432679E+04 0.131952E+02 -.644413E+02
 -30    0   10  3.3747  1.8619 0.959988E+06 0.978905E+03 -.416195E+02
 -30    0   20  3.8477  1.6330 0.210805E+04 -.398931E+02 0.227286E+02
 -30    0   30  4.5276  1.3877 0.341563E+06 0.584430E+03 -.225585E+01
 -30    0   40  5.3359  1.1775 0.332002E+02 0.556861E+01 -.148013E+01
 -30    0   50  6.2226  1.0097 0.666842E+05 0.237740E+03 -.100816E+03
 -30   10  -40  5.4415  1.1547 0.374458E+06 0.611556E+03 0.213812E+02
 -30   10  -30  4.6517  1.3507 0.744760E+04 -.795345E+02 -.334944E+02
 -30   10  -20  3.9930  1.5736 0.251689E+05 -.146688E+03 0.604289E+02
 -30   10  -10  3.5394  1.7752 0.251037E+04 0.498211E+02 -.531325E+01
 -30   10    0  3.3747  1.8619 0.113103E+07 0.106138E+04 0.671599E+02
 -30   10   10  3.5394  1.7752 0.305428E+04 -.550212E+02 0.519084E+01
 -30   10   20  3.9930  1.5736 0.307784E+05 -.166137E+03 -.563631E+02
 -30   10   30  4.6517  1.3507 0.314852E+04 0.468820E+02 0.308318E+02
 -30   10   40  5.4415  1.1547 0.343362E+06 0.585614E+03 -.204357E+02
 -30   20  -40  5.7469  1.0933 0.100697E+04 -.235826E+02 -.212328E+02
 -30   20  -30  5.0055  1.2553 0.326385E+05 0.176437E+03 0.388390E+02
 -30   20  -20  4.4001  1.4280 0.175070E+04 0.318311E+02 0.271566E+02
 -30   20  -10  3.9930  1.5736 0.374714E+05 -.188868E+03 0.424279E+02
 -30   20    0  3.8477  1.6330 0.152241E+04 -.141368E+01 0.389925E+02
 -30   20   10  3.9930  1.5736 0.163728E+05 -.127329E+03 -.126556E+02
 -30   20   20  4.4001  1.4280 0.703187E+03 -.219157E+02 0.149295E+02
 -30   20   30  5.0055  1.2553 0.224353E+05 0.145432E+03 0.358453E+02
 -30   20   40  5.7469  1.0933 0.158581E+04 0.172225E+02 0.359053E+02
 -30   30  -40  6.2226  1.0097 0.151732E+06 0.389475E+03 -.642858E+01
 -30   30  -30  5.5452  1.1331 0.171687E+04 0.414323E+02 0.490240E+00
 -30   30  -20  5.0055  1.2553 0.368003E+05 0.191433E+03 -.123965E+02
 -30   30  -10  4.6517  1.3507 0.662164E+04 0.778463E+02 -.236981E+02
 -30   30    0  4.5276  1.3877 0.325385E+06 0.570264E+03 0.135602E+02
 -30   30   10  4.6517  1.3507 0.658342E+04 -.803895E+02 0.109974E+02
 -30   30   20  5.0055  1.2553 0.270835E+05 0.163261E+03 -.207246E+02
 -30   30   30  5.5452  1.1331 0.331645E+04 0.151776E+02 0.555526E+02
 -30   30   40  6.2226  1.0097 0.105565E+06 0.321295E+03 0.483116E+02
 -30   40  -30  6.2226  1.0097 0.136770E+06 0.369804E+03 0.384963E+01
 -30   40  -20  5.7469  1.0933 0.859561E+04 0.862738E+01 -.923102E+02
 -30   40  -10  5.4415  1.1547 0.378068E+06 0.614306E+03 0.263991E+02
 -30   40    0  5.3359  1.1775 0.619462E+02 0.159362E+01 0.770757E+01
 -30   40   10  5.4415  1.1547 0.387217E+06 0.621770E+03 -.248930E+02
 -30   40   20  5.7469  1.0933 0.351068E+04 0.585443E+02 0.912344E+01
 -30   40   30  6.2226  1.0097 0.671182E+05 0.258553E+03 0.163875E+02
 -30   50    0  6.2226  1.0097 0.700511E+05 0.257105E+03 0.628334E+02
 -20  -50  -20  6.1304  1.0249 0.149568E+05 0.117106E+03 -.352544E+02
 -20  -50  -10  5.8451  1.0749 0.123477E+05 0.109202E+03 -.205575E+02
 -20  -50    0  5.7469  1.0933 0.547783E+04 0.296204E+02 0.678267E+02
 -20  -50   10  5.8451  1.0749 0.201405E+05 0.139047E+03 0.283998E+02
 -20  -50   20  6.1304  1.0249 0.109594E+04 -.322657E+02 0.740731E+01
 -20  -40  -30  5.7469  1.0933 0.462305E+04 0.679793E+02 0.136406E+01
 -20  -40  -20  5.2281  1.2018 0.230259E+06 0.479297E+03 0.230878E+02
 -20  -40  -10  4.8904  1.2848 0.207232E+04 0.338698E+02 -.304164E+02
 -20  -40    0  4.7725  1.3165 0.799936E+06 0.893956E+03 0.278959E+02
 -20  -40   10  4.8904  1.2848 0.227626E+03 -.494286E+01 0.142546E+02
 -20  -40   20  5.2281  1.2018 0.196961E+06 0.443783E+03 0.422694E+01
 -20  -40   30  5.7469  1.0933 0.177841E+04 -.439213E+01 0.419418E+02
 -20  -30  -40  5.7469  1.0933 0.862090E+02 0.670208E+01 -.642582E+01
 -20  -30  -30  5.0055  1.2553 0.238915E+05 0.154001E+03 -.132325E+02
 -20  -30  -20  4.4001  1.4280 0.320644E+03 0.203357E+01 -.177907E+02
 -20  -30  -10  3.9930  1.5736 0.294715E+05 -.164213E+03 0.500559E+02
 -20  -30    0  3.8477  1.6330 0.240589E+03 -.433709E+01 0.148922E+02
 -20  -30   10  3.9930  1.5736 0.457498E+05 -.213747E+03 0.788092E+01
 -20  -30   20  4.4001  1.4280 0.642054E+03 -.242535E+02 0.733635E+01
 -20  -30   30  5.0055  1.2553 0.256607E+05 0.160186E+03 0.103607E+01
 -20  -30   40  5.7469  1.0933 0.123434E+03 0.818373E+00 -.110799E+02
 -20  -20  -50  6.1304  1.0249 0.326479E+04 0.884006E+01 -.564504E+02
 -20  -20  -40  5.2281  1.2018 0.165779E+06 0.406775E+03 -.176925E+02
 -20  -20  -30  4.4001  1.4280 0.244706E+04 0.361313E+02 -.337873E+02
 -20  -20  -20  3.6968  1.6996 0.290704E+07 -.170406E+04 -.566525E+02
 -20  -20  -10  3.2015  1.9626 0.139349E+04 -.522756E+01 0.369616E+02
 -20  -20    0  3.0184  2.0816 0.121531E+07 -.110238E+04 -.797297E+01
 -20  -20   10  3.2015  1.9626 0.511515E+03 0.850288E+01 0.209575E+02
 -20  -20   20  3.6968  1.6996 0.283243E+07 -.168280E+04 0.250738E+02
 -20  -20   30  4.4001  1.4280 0.839708E+03 -.222856E+02 -.185218E+02
 -20  -20   40  5.2281  1.2018 0.169485E+06 0.410578E+03 -.301805E+02
 -20  -20   50  6.1304  1.0249 0.884920E+03 -.295025E+02 -.381105E+01
 -20  -10  -50  5.8451  1.0749 0.189910E+05 0.130606E+03 0.439678E+02
 -20  -10  -40  4.8904  1.2848 0.174621E+04 0.285866E+02 -.304798E+02
 -20  -10  -30  3.9930  1.5736 0.266800E+05 -.162676E+03 -.147084E+02
 -20  -10  -20  3.2015  1.9626 0.517949E+04 0.695742E+02 0.184097E+02
 -20  -10  -10  2.6140  2.4036 0.106305E+07 -.103060E+04 -.303349E+02
 -20  -10    0  2.3863  2.6331 0.400581E+03 0.195535E+02 -.427112E+01
 -20  -10   10  2.6140  2.4036 0.112262E+07 -.105918E+04 -.274163E+02
 -20  -10   20  3.2015  1.9626 0.223338E+04 -.282093E+02 0.379159E+02
 -20  -10   30  3.9930  1.5736 0.200539E+05 -.131560E+03 0.524018E+02
 -20  -10   40  4.8904  1.2848 0.421783E+03 0.336532E+01 0.202597E+02
 -20  -10   50  5.8451  1.0749 0.330725E+05 0.168747E+03 -.678021E+02
 -20    0  -50  5.7469  1.0933 0.304170E+04 0.368028E+02 0.410763E+02
 -20    0  -40  4.7725  1.3165 0.932110E+06 0.965253E+03 0.199013E+02
 -20    0  -30  3.8477  1.6330 0.123121E+03 -.110328E+02 -.118263E+01
 -20    0  -20  3.0184  2.0816 0.119454E+07 -.109286E+04 -.142620E+02
 -20    0  -10  2.3863  2.6331 0.751135E+03 0.262723E+02 -.780409E+01
 -20    0    0  2.1343  2.9438 0.178283E+07 0.133515E+04 0.143840E+02
 -20    0   10  2.3863  2.6331 0.191110E+04 -.434878E+02 -.446288E+01
 -20    0   20  3.0184  2.0816 0.119104E+07 -.109130E+04 0.102387E+02
 -20    0   30  3.8477  1.6330 0.526571E+04 0.447900E+02 0.570926E+02
 -20    0   40  4.7725  1.3165 0.931955E+06 0.965354E+03 -.684499E+01
 -20    0   50  5.7469  1.0933 0.258056E+04 -.254575E+02 0.439600E+02
 -20   10  -50  5.8451  1.0749 0.907311E+04 0.780376E+02 -.546191E+02
 -20   10  -40  4.8904  1.2848 0.120385E+05 -.995441E+02 -.461457E+02
 -20   10  -30  3.9930  1.5736 0.403285E+05 -.199115E+03 0.261087E+02
 -20   10  -20  3.2015  1.9626 0.438782E+04 -.624358E+02 0.221269E+02
 -20   10  -10  2.6140  2.4036 0.109114E+07 -.104440E+04 0.190402E+02
 -20   10    0  2.3863  2.6331 0.139478E+03 -.683519E+01 0.963113E+01
 -20   10   10  2.6140  2.4036 0.110226E+07 -.104983E+04 -.104805E+02
 -20   10   20  3.2015  1.9626 0.994022E+03 0.211962E+02 0.233397E+02
 -20   10   30  3.9930  1.5736 0.377058E+05 -.191444E+03 0.324831E+02
 -20   10   40  4.8904  1.2848 0.219818E+04 0.437312E+02 0.169045E+02
 -20   10   50  5.8451  1.0749 0.318462E+05 0.159452E+03 -.801325E+02
 -20   20  -50  6.1304  1.0249 0.284895E+04 -.785350E+01 -.527946E+02
 -20   20  -40  5.2281  1.2018 0.173686E+06 0.415659E+03 -.302191E+02
 -20   20  -30  4.4001  1.4280 0.697670E+04 -.827217E+02 -.115675E+02
 -20   20  -20  3.6968  1.6996 0.319091E+07 -.178630E+04 -.684817E+01
 -20   20  -10  3.2015  1.9626 0.523675E+04 0.611546E+02 0.386894E+02
 -20   20    0  3.0184  2.0816 0.122425E+07 -.110636E+04 0.151194E+02
 -20   20   10  3.2015  1.9626 0.579073E+04 -.741305E+02 0.171872E+02
 -20   20   20  3.6968  1.6996 0.287624E+07 -.169594E+04 0.667706E+01
 -20   20   30  4.4001  1.4280 0.538812E+04 0.723958E+02 0.121228E+02
 -20   20   40  5.2281  1.2018 0.175925E+06 0.419219E+03 -.134327E+02
 -20   20   50  6.1304  1.0249 0.107226E+04 -.118639E+02 0.305206E+02
 -20   30  -40  5.7469  1.0933 0.232747E+03 0.114470E+02 -.100853E+02
 -20   30  -30  5.0055  1.2553 0.251544E+05 0.153549E+03 -.397112E+02
 -20   30  -20  4.4001  1.4280 0.521854E+04 0.715729E+02 0.979125E+01
 -20   30  -10  3.9930  1.5736 0.562738E+05 -.236035E+03 -.236936E+02
 -20   30    0  3.8477  1.6330 0.155939E+03 0.117900E+02 0.411537E+01
 -20   30   10  3.9930  1.5736 0.194975E+05 -.134164E+03 -.386987E+02
 -20   30   20  4.4001  1.4280 0.898456E+03 -.296415E+02 0.445386E+01
 -20   30   30  5.0055  1.2553 0.298283E+05 0.171799E+03 0.177040E+02
 -20   30   40  5.7469  1.0933 0.807422E+03 0.116005E+02 0.259394E+02
 -20   40  -30  5.7469  1.0933 0.137760E+03 -.259626E+01 -.114464E+02
 -20   40  -20  5.2281  1.2018 0.194481E+06 0.440105E+03 -.280825E+02
 -20   40  -10  4.8904  1.2848 0.605575E+03 0.185239E+02 -.162000E+02
 -20   40    0  4.7725  1.3165 0.879373E+06 0.936456E+03 -.492314E+02
 -20   40   10  4.8904  1.2848 0.198733E+04 0.254883E+02 0.365743E+02
 -20   40   20  5.2281  1.2018 0.186241E+06 0.429281E+03 -.442584E+02
 -20   40   30  5.7469  1.0933 0.385739E+04 0.447168E+02 0.431022E+02
 -20   50  -20  6.1304  1.0249 0.644635E+04 -.727750E+02 -.339137E+02
 -20   50  -10  5.8451  1.0749 0.854500E+04 0.912885E+02 -.145402E+02
 -20   50    0  5.7469  1.0933 0.462247E+04 0.115355E+02 0.670030E+02
 -20   50   10  5.8451  1.0749 0.240432E+05 0.152189E+03 -.296924E+02
 -20   50   20  6.1304  1.0249 0.107865E+05 0.103605E+03 0.724237E+01
 -10  -50  -20  5.8451  1.0749 0.214042E+05 0.139492E+03 -.441163E+02
 -10  -50  -10  5.5452  1.1331 0.590231E+03 0.165910E+02 0.177474E+02
 -10  -50    0  5.4415  1.1547 0.113118E+06 0.336031E+03 -.141700E+02
 -10  -50   10  5.5452  1.1331 0.758355E+04 -.803703E+02 0.335285E+02
 -10  -50   20  5.8451  1.0749 0.419780E+05 0.204847E+03 0.396949E+01
 -10  -40  -40  6.1304  1.0249 0.145000E+04 0.216465E+02 0.313278E+02
 -10  -40  -30  5.4415  1.1547 0.384662E+06 0.619716E+03 0.247617E+02
 -10  -40  -20  4.8904  1.2848 0.135940E+04 0.790344E+00 -.368615E+02
 -10  -40  -10  4.5276  1.3877 0.151282E+07 0.122892E+04 0.506088E+02
 -10  -40    0  4.4001  1.4280 0.316392E+03 -.169039E+02 0.553635E+01
 -10  -40   10  4.5276  1.3877 0.153671E+07 0.123942E+04 0.233499E+02
 -10  -40   20  4.8904  1.2848 0.251051E+04 -.501024E+02 0.509086E+00
 -10  -40   30  5.4415  1.1547 0.409356E+06 0.638563E+03 0.399205E+02
 -10  -40   40  6.1304  1.0249 0.274476E+04 0.340859E+02 0.397857E+02
 -10  -30  -40  5.4415  1.1547 0.343723E+06 0.586263E+03 0.432154E+01
 -10  -30  -30  4.6517  1.3507 0.171058E+04 -.391367E+02 -.133753E+02
 -10  -30  -20  3.9930  1.5736 0.300031E+05 -.172036E+03 0.201624E+02
 -10  -30  -10  3.5394  1.7752 0.553081E+04 -.727280E+02 -.155385E+02
 -10  -30    0  3.3747  1.8619 0.915981E+06 0.956328E+03 0.376643E+02
 -10  -30   10  3.5394  1.7752 0.612520E+03 0.244942E+02 -.354309E+01
 -10  -30   20  3.9930  1.5736 0.360917E+05 -.186934E+03 0.338708E+02
 -10  -30   30  4.6517  1.3507 0.564664E+02 0.576173E+01 -.482379E+01
 -10  -30   40  5.4415  1.1547 0.320699E+06 0.563500E+03 0.562678E+02
 -10  -20  -50  5.8451  1.0749 0.130505E+05 0.113106E+03 0.160485E+02
 -10  -20  -40  4.8904  1.2848 0.816497E+04 -.643261E+02 -.634597E+02
 -10  -20  -30  3.9930  1.5736 0.359637E+05 -.189310E+03 0.111944E+02
 -10  -20  -20  3.2015  1.9626 0.245887E+04 -.420266E+02 -.263180E+02
 -10  -20  -10  2.6140  2.4036 0.110259E+07 -.105002E+04 -.730719E+01
 -10  -20    0  2.3863  2.6331 0.340751E+03 -.928296E+00 0.184361E+02
 -10  -20   10  2.6140  2.4036 0.112784E+07 -.106196E+04 -.897486E+01
 -10  -20   20  3.2015  1.9626 0.154916E+03 0.119231E+02 -.357153E+01
 -10  -20   30  3.9930  1.5736 0.327262E+05 -.167681E+03 0.678917E+02
 -10  -20   40  4.8904  1.2848 0.492744E+03 0.147741E+02 -.165671E+02
 -10  -20   50  5.8451  1.0749 0.219394E+05 0.147024E+03 0.179810E+02
 -10  -10  -50  5.5452  1.1331 0.105117E+04 0.155640E+02 0.284417E+02
 -10  -10  -40  4.5276  1.3877 0.164242E+07 0.128003E+04 0.627327E+02
 -10  -10  -30  3.5394  1.7752 0.565411E+03 0.237267E+02 -.156673E+01
 -10  -10  -20  2.6140  2.4036 0.114597E+07 -.107039E+04 -.149912E+02
 -10  -10  -10  1.8484  3.3993 0.183570E+02 -.724004E+00 -.422289E+01
 -10  -10    0  1.5092  4.1632 0.547826E+07 0.234055E+04 0.942207E+01
 -10  -10   10  1.8484  3.3993 0.678241E+02 0.818148E+01 -.942032E+00
 -10  -10   20  2.6140  2.4036 0.101037E+07 -.100421E+04 0.439163E+02
 -10  -10   30  3.5394  1.7752 0.109458E+03 0.397681E+01 0.967691E+01
 -10  -10   40  4.5276  1.3877 0.163635E+07 0.127883E+04 0.307855E+02
 -10  -10   50  5.5452  1.1331 0.769512E+04 -.240840E+02 0.843509E+02
 -10    0  -50  5.4415  1.1547 0.950528E+05 0.308248E+03 -.598437E+01
 -10    0  -40  4.4001  1.4280 0.229068E+04 -.189860E+02 0.439342E+02
 -10    0  -30  3.3747  1.8619 0.107521E+07 0.103543E+04 0.556664E+02
 -10    0  -20  2.3863  2.6331 0.821163E+03 -.177247E+02 0.225166E+02
 -10    0  -10  1.5092  4.1632 0.553580E+07 0.235280E+04 0.121400E+02
 -10    0    0  1.0672  5.8877 0.540929E+03 0.425100E+00 -.232540E+02
 -10    0   10  1.5092  4.1632 0.548115E+07 0.234116E+04 -.103807E+02
 -10    0   20  2.3863  2.6331 0.112438E+04 0.330158E+02 0.585971E+01
 -10    0   30  3.3747  1.8619 0.106500E+07 0.102980E+04 0.672432E+02
 -10    0   40  4.4001  1.4280 0.106135E+04 0.252452E+02 0.205920E+02
 -10    0   50  5.4415  1.1547 0.137322E+06 0.370091E+03 0.188489E+02
 -10   10  -50  5.5452  1.1331 0.123012E+04 0.133355E+02 0.324390E+02
 -10   10  -40  4.5276  1.3877 0.159798E+07 0.126398E+04 0.183838E+02
 -10   10  -30  3.5394  1.7752 0.196422E+05 -.140122E+03 -.285556E+01
 -10   10  -20  2.6140  2.4036 0.112772E+07 -.106184E+04 0.146393E+02
 -10   10  -10  1.8484  3.3993 0.211956E+02 -.449077E+01 0.101419E+01
 -10   10    0  1.5092  4.1632 0.554883E+07 0.235556E+04 -.133714E+02
 -10   10   10  1.8484  3.3993 0.149783E+02 -.355155E+01 -.153780E+01
 -10   10   20  2.6140  2.4036 0.115771E+07 -.107545E+04 0.335043E+02
 -10   10   30  3.5394  1.7752 0.136708E+05 0.114961E+03 -.213256E+02
 -10   10   40  4.5276  1.3877 0.146339E+07 0.120970E+04 0.438723E+01
 -10   10   50  5.5452  1.1331 0.156430E+04 -.363438E+02 0.156024E+02
 -10   20  -50  5.8451  1.0749 0.176405E+05 0.127724E+03 -.364285E+02
 -10   20  -40  4.8904  1.2848 0.654913E+04 -.720715E+02 -.368081E+02
 -10   20  -30  3.9930  1.5736 0.407184E+05 -.200635E+03 0.215369E+02
 -10   20  -20  3.2015  1.9626 0.288607E+03 -.151399E+02 0.770654E+01
 -10   20  -10  2.6140  2.4036 0.116470E+07 -.107921E+04 0.153595E+01
 -10   20    0  2.3863  2.6331 0.428307E+03 0.178598E+02 -.104563E+02
 -10   20   10  2.6140  2.4036 0.102969E+07 -.101473E+04 0.444139E+01
 -10   20   20  3.2015  1.9626 0.107341E+04 0.859578E+01 -.316153E+02
 -10   20   30  3.9930  1.5736 0.567396E+05 -.237513E+03 0.180839E+02
 -10   20   40  4.8904  1.2848 0.113056E+04 0.286410E+02 -.176140E+02
 -10   20   50  5.8451  1.0749 0.863277E+04 0.924381E+02 0.937895E+01
 -10   30  -40  5.4415  1.1547 0.331854E+06 0.575969E+03 -.106360E+02
 -10   30  -30  4.6517  1.3507 0.596739E+03 0.227219E+02 -.896959E+01
 -10   30  -20  3.9930  1.5736 0.356211E+05 -.188735E+03 -.322947E+00
 -10   30  -10  3.5394  1.7752 0.956401E+04 0.976968E+02 -.439906E+01
 -10   30    0  3.3747  1.8619 0.106103E+07 0.102893E+04 -.483687E+02
 -10   30   10  3.5394  1.7752 0.309159E+04 -.547067E+02 -.993814E+01
 -10   30   20  3.9930  1.5736 0.190132E+05 -.137643E+03 0.822081E+01
 -10   30   30  4.6517  1.3507 0.309368E+04 0.127667E+02 -.541359E+02
 -10   30   40  5.4415  1.1547 0.317436E+06 0.562945E+03 -.229987E+02
 -10   40  -40  6.1304  1.0249 0.166904E+04 0.401119E+02 0.775104E+01
 -10   40  -30  5.4415  1.1547 0.310315E+06 0.556949E+03 0.110607E+02
 -10   40  -20  4.8904  1.2848 0.698802E+03 0.184545E+02 -.189270E+02
 -10   40  -10  4.5276  1.3877 0.162245E+07 0.127306E+04 -.421908E+02
 -10   40    0  4.4001  1.4280 0.153689E+04 0.342618E+02 0.190530E+02
 -10   40   10  4.5276  1.3877 0.173108E+07 0.131253E+04 -.912798E+02
 -10   40   20  4.8904  1.2848 0.268264E+03 -.408406E+00 0.163737E+02
 -10   40   30  5.4415  1.1547 0.305801E+06 0.552316E+03 -.273510E+02
 -10   40   40  6.1304  1.0249 0.117634E+04 0.974131E+00 -.342840E+02
 -10   50  -20  5.8451  1.0749 0.783626E+04 0.885158E+02 -.110227E+01
 -10   50  -10  5.5452  1.1331 0.600868E+03 -.244671E+02 0.149283E+01
 -10   50    0  5.4415  1.1547 0.124988E+06 0.351578E+03 -.371639E+02
 -10   50   10  5.5452  1.1331 0.253403E+04 0.332422E+02 0.378019E+02
 -10   50   20  5.8451  1.0749 0.113872E+05 0.101967E+03 -.314632E+02
   0  -50  -30  6.2226  1.0097 0.243343E+05 0.155945E+03 0.393494E+01
   0  -50  -20  5.7469  1.0933 0.265013E+04 -.446329E+02 -.256520E+02
   0  -50  -10  5.4415  1.1547 0.140407E+06 0.374594E+03 -.927793E+01
   0  -50    0  5.3359  1.1775 0.285912E+03 -.166703E+02 -.283075E+01
   0  -50   10  5.4415  1.1547 0.148169E+06 0.384496E+03 -.182213E+02
   0  -50   20  5.7469  1.0933 0.317226E+04 -.548384E+02 0.128458E+02
   0  -50   30  6.2226  1.0097 0.397463E+05 0.193439E+03 -.482454E+02
   0  -40  -40  6.0368  1.0408 0.269411E+06 0.515820E+03 0.577968E+02
   0  -40  -30  5.3359  1.1775 0.127899E+04 -.286694E+02 0.213788E+02
   0  -40  -20  4.7725  1.3165 0.917706E+06 0.957242E+03 0.373357E+02
   0  -40  -10  4.4001  1.4280 0.288009E+04 -.317164E+02 -.432915E+02
   0  -40    0  4.2687  1.4719 0.472838E+07 0.217375E+04 0.566576E+02
   0  -40   10  4.4001  1.4280 0.271538E+03 0.381260E+01 -.160313E+02
   0  -40   20  4.7725  1.3165 0.990654E+06 0.995315E+03 0.112987E+01
   0  -40   30  5.3359  1.1775 0.829844E+03 0.101622E+02 0.269550E+02
   0  -40   40  6.0368  1.0408 0.280013E+06 0.529139E+03 0.499223E+01
   0  -30  -50  6.2226  1.0097 0.308005E+05 0.173968E+03 -.231408E+02
   0  -30  -40  5.3359  1.1775 0.247053E+04 -.390311E+02 0.307750E+02
   0  -30  -30  4.5276  1.3877 0.283986E+06 0.532274E+03 0.259038E+02
   0  -30  -20  3.8477  1.6330 0.812137E+04 -.901168E+02 0.578884E+00
   0  -30  -10  3.3747  1.8619 0.112331E+07 0.105919E+04 0.378510E+02
   0  -30    0  3.2015  1.9626 0.114438E+03 0.963195E+01 -.465441E+01
   0  -30   10  3.3747  1.8619 0.103096E+07 0.101533E+04 -.792695E+01
   0  -30   20  3.8477  1.6330 0.188926E+04 0.406557E+02 -.153743E+02
   0  -30   30  4.5276  1.3877 0.309638E+06 0.555909E+03 0.245753E+02
   0  -30   40  5.3359  1.1775 0.100144E+04 0.316455E+02 -.531207E-02
   0  -30   50  6.2226  1.0097 0.511547E+05 0.221597E+03 0.452685E+02
   0  -20  -50  5.7469  1.0933 0.678046E+04 -.792487E+02 -.223632E+02
   0  -20  -40  4.7725  1.3165 0.819508E+06 0.904208E+03 0.437765E+02
   0  -20  -30  3.8477  1.6330 0.110582E+03 -.522104E+01 0.912811E+01
   0  -20  -20  3.0184  2.0816 0.123402E+07 -.111059E+04 -.246347E+02
   0  -20  -10  2.3863  2.6331 0.350265E+04 -.591147E+02 -.284642E+01
   0  -20    0  2.1343  2.9438 0.179666E+07 0.134033E+04 0.131202E+02
   0  -20   10  2.3863  2.6331 0.214722E+04 0.463378E+02 0.167412E+00
   0  -20   20  3.0184  2.0816 0.118950E+07 -.109057E+04 -.128568E+02
   0  -20   30  3.8477  1.6330 0.239014E+04 -.488840E+02 0.702142E+00
   0  -20   40  4.7725  1.3165 0.945352E+06 0.972238E+03 0.102500E+02
   0  -20   50  5.7469  1.0933 0.290159E+03 0.882567E+01 0.145694E+02
   0  -10  -50  5.4415  1.1547 0.106665E+06 0.325460E+03 -.272241E+02
   0  -10  -40  4.4001  1.4280 0.449006E+03 -.359895E+01 0.208819E+02
   0  -10  -30  3.3747  1.8619 0.986303E+06 0.992601E+03 0.323547E+02
   0  -10  -20  2.3863  2.6331 0.165629E+04 0.398654E+02 0.818770E+01
   0  -10  -10  1.5092  4.1632 0.549196E+07 0.234339E+04 0.215094E+02
   0  -10    0  1.0672  5.8877 0.392907E+02 0.340160E+01 -.526496E+01
   0  -10   10  1.5092  4.1632 0.557589E+07 0.236132E+04 -.674650E+01
   0  -10   20  2.3863  2.6331 0.181544E+04 -.425331E+02 -.252437E+01
   0  -10   30  3.3747  1.8619 0.112409E+07 0.106019E+04 -.920621E+01
   0  -10   40  4.4001  1.4280 0.248404E+04 -.498356E+02 -.672066E+00
   0  -10   50  5.4415  1.1547 0.149307E+06 0.384999E+03 0.329133E+02
   0    0  -50  5.3359  1.1775 0.183690E+04 0.358339E+02 0.235125E+02
   0    0  -40  4.2687  1.4719 0.468081E+07 0.216351E+04 0.708748E+01
   0    0  -30  3.2015  1.9626 0.133834E+04 0.147830E+01 0.365535E+02
   0    0  -20  2.1343  2.9438 0.182444E+07 0.135067E+04 0.109387E+02
   0    0  -10  1.0672  5.8877 0.603916E+01 0.936885E+00 -.227187E+01
   0    0   10  1.0672  5.8877 0.603916E+01 0.936885E+00 0.227187E+01
   0    0   20  2.1343  2.9438 0.182444E+07 0.135067E+04 -.109387E+02
   0    0   30  3.2015  1.9626 0.133834E+04 0.147830E+01 -.365535E+02
   0    0   40  4.2687  1.4719 0.468081E+07 0.216351E+04 -.708748E+01
   0    0   50  5.3359  1.1775 0.183690E+04 0.358339E+02 -.235125E+02
   0   10  -50  5.4415  1.1547 0.149307E+06 0.384999E+03 -.329133E+02
   0   10  -40  4.4001  1.4280 0.248404E+04 -.498356E+02 0.672066E+00
   0   10  -30  3.3747  1.8619 0.112409E+07 0.106019E+04 0.920621E+01
   0   10  -20  2.3863  2.6331 0.181544E+04 -.425331E+02 0.252437E+01
   0   10  -10  1.5092  4.1632 0.557589E+07 0.236132E+04 0.674650E+01
   0   10    0  1.0672  5.8877 0.392907E+02 0.340160E+01 0.526496E+01
   0   10   10  1.5092  4.1632 0.549196E+07 0.234339E+04 -.215094E+02
   0   10   20  2.3863  2.6331 0.165629E+04 0.398654E+02 -.818770E+01
   0   10   30  3.3747  1.8619 0.986303E+06 0.992601E+03 -.323547E+02
   0   10   40  4.4001  1.4280 0.449006E+03 -.359895E+01 -.208819E+02
   0   10   50  5.4415  1.1547 0.106665E+06 0.325460E+03 0.272241E+02
   0   20  -50  5.7469  1.0933 0.290159E+03 0.882567E+01 -.145694E+02
   0   20  -40  4.7725  1.3165 0.945352E+06 0.972238E+03 -.102500E+02
   0   20  -30  3.8477  1.6330 0.239014E+04 -.488840E+02 -.702142E+00
   0   20  -20  3.0184  2.0816 0.118950E+07 -.109057E+04 0.128568E+02
   0   20  -10  2.3863  2.6331 0.214722E+04 0.463378E+02 -.167412E+00
   0   20    0  2.1343  2.9438 0.179666E+07 0.134033E+04 -.131202E+02
   0   20   10  2.3863  2.6331 0.350265E+04 -.591147E+02 0.284642E+01
   0   20   20  3.0184  2.0816 0.123402E+07 -.111059E+04 0.246347E+02
   0   20   30  3.8477  1.6330 0.110582E+03 -.522104E+01 -.912811E+01
   0   20   40  4.7725  1.3165 0.819508E+06 0.904208E+03 -.437765E+02
   0   20   50  5.7469  1.0933 0.678046E+04 -.792487E+02 0.223632E+02
   0   30  -50  6.2226  1.0097 0.511547E+05 0.221597E+03 -.452685E+02
   0   30  -40  5.3359  1.1775 0.100144E+04 0.316455E+02 0.531207E-02
   0   30  -30  4.5276  1.3877 0.309638E+06 0.555909E+03 -.245753E+02
   0   30  -20  3.8477  1.6330 0.188926E+04 0.406557E+02 0.153743E+02
   0   30  -10  3.3747  1.8619 0.103096E+07 0.101533E+04 0.792695E+01
   0   30    0  3.2015  1.9626 0.114438E+03 0.963195E+01 0.465441E+01
   0   30   10  3.3747  1.8619 0.112331E+07 0.105919E+04 -.378510E+02
   0   30   20  3.8477  1.6330 0.812137E+04 -.901168E+02 -.578884E+00
   0   30   30  4.5276  1.3877 0.283986E+06 0.532274E+03 -.259038E+02
   0   30   40  5.3359  1.1775 0.247053E+04 -.390311E+02 -.307750E+02
   0   30   50  6.2226  1.0097 0.308005E+05 0.173968E+03 0.231408E+02
   0   40  -40  6.0368  1.0408 0.280013E+06 0.529139E+03 -.499223E+01
   0   40  -30  5.3359  1.1775 0.829844E+03 0.101622E+02 -.269550E+02
   0   40  -20  4.7725  1.3165 0.990654E+06 0.995315E+03 -.112987E+01
   0   40  -10  4.4001  1.4280 0.271538E+03 0.381260E+01 0.160313E+02
   0   40    0  4.2687  1.4719 0.472838E+07 0.217375E+04 -.566576E+02
   0   40   10  4.4001  1.4280 0.288009E+04 -.317164E+02 0.432915E+02
   0   40   20  4.7725  1.3165 0.917706E+06 0.957242E+03 -.373357E+02
   0   40   30  5.3359  1.1775 0.127899E+04 -.286694E+02 -.213788E+02
   0   40   40  6.0368  1.0408 0.269411E+06 0.515820E+03 -.577968E+02
   0   50  -30  6.2226  1.0097 0.397463E+05 0.193439E+03 0.482454E+02
   0   50  -20  5.7469  1.0933 0.317226E+04 -.548384E+02 -.128458E+02
   0   50  -10  5.4415  1.1547 0.148169E+06 0.384496E+03 0.182213E+02
   0   50    0  5.3359  1.1775 0.285912E+03 -.166703E+02 0.283075E+01
   0   50   10  5.4415  1.1547 0.140407E+06 0.374594E+03 0.927793E+01
   0   50   20  5.7469  1.0933 0.265013E+04 -.446329E+02 0.256520E+02
   0   50   30  6.2226  1.0097 0.243343E+05 0.155945E+03 -.393494E+01
  10  -50  -20  5.8451  1.0749 0.113872E+05 0.101967E+03 0.314632E+02
  10  -50  -10  5.5452  1.1331 0.253403E+04 0.332422E+02 -.378019E+02
  10  -50    0  5.4415  1.1547 0.124988E+06 0.351578E+03 0.371639E+02
  10  -50   10  5.5452  1.1331 0.600868E+03 -.244671E+02 -.149283E+01
  10  -50   20  5.8451  1.0749 0.783626E+04 0.885158E+02 0.110227E+01
  10  -40  -40  6.1304  1.0249 0.117634E+04 0.974131E+00 0.342840E+02
  10  -40  -30  5.4415  1.1547 0.305801E+06 0.552316E+03 0.273510E+02
  10  -40  -20  4.8904  1.2848 0.268264E+03 -.408406E+00 -.163737E+02
  10  -40  -10  4.5276  1.3877 0.173108E+07 0.131253E+04 0.912798E+02
  10  -40    0  4.4001  1.4280 0.153689E+04 0.342618E+02 -.190530E+02
  10  -40   10  4.5276  1.3877 0.162245E+07 0.127306E+04 0.421908E+02
  10  -40   20  4.8904  1.2848 0.698802E+03 0.184545E+02 0.189270E+02
  10  -40   30  5.4415  1.1547 0.310315E+06 0.556949E+03 -.110607E+02
  10  -40   40  6.1304  1.0249 0.166904E+04 0.401119E+02 -.775104E+01
  10  -30  -40  5.4415  1.1547 0.317436E+06 0.562945E+03 0.229987E+02
  10  -30  -30  4.6517  1.3507 0.309368E+04 0.127667E+02 0.541359E+02
  10  -30  -20  3.9930  1.5736 0.190132E+05 -.137643E+03 -.822081E+01
  10  -30  -10  3.5394  1.7752 0.309159E+04 -.547067E+02 0.993814E+01
  10  -30    0  3.3747  1.8619 0.106103E+07 0.102893E+04 0.483687E+02
  10  -30   10  3.5394  1.7752 0.956401E+04 0.976968E+02 0.439906E+01
  10  -30   20  3.9930  1.5736 0.356211E+05 -.188735E+03 0.322947E+00
  10  -30   30  4.6517  1.3507 0.596739E+03 0.227219E+02 0.896959E+01
  10  -30   40  5.4415  1.1547 0.331854E+06 0.575969E+03 0.106360E+02
  10  -20  -50  5.8451  1.0749 0.863277E+04 0.924381E+02 -.937895E+01
  10  -20  -40  4.8904  1.2848 0.113056E+04 0.286410E+02 0.176140E+02
  10  -20  -30  3.9930  1.5736 0.567396E+05 -.237513E+03 -.180839E+02
  10  -20  -20  3.2015  1.9626 0.107341E+04 0.859578E+01 0.316153E+02
  10  -20  -10  2.6140  2.4036 0.102969E+07 -.101473E+04 -.444139E+01
  10  -20    0  2.3863  2.6331 0.428307E+03 0.178598E+02 0.104563E+02
  10  -20   10  2.6140  2.4036 0.116470E+07 -.107921E+04 -.153595E+01
  10  -20   20  3.2015  1.9626 0.288607E+03 -.151399E+02 -.770654E+01
  10  -20   30  3.9930  1.5736 0.407184E+05 -.200635E+03 -.215369E+02
  10  -20   40  4.8904  1.2848 0.654913E+04 -.720715E+02 0.368081E+02
  10  -20   50  5.8451  1.0749 0.176405E+05 0.127724E+03 0.364285E+02
  10  -10  -50  5.5452  1.1331 0.156430E+04 -.363438E+02 -.156024E+02
  10  -10  -40  4.5276  1.3877 0.146339E+07 0.120970E+04 -.438723E+01
  10  -10  -30  3.5394  1.7752 0.136708E+05 0.114961E+03 0.213256E+02
  10  -10  -20  2.6140  2.4036 0.115771E+07 -.107545E+04 -.335043E+02
  10  -10  -10  1.8484  3.3993 0.149783E+02 -.355155E+01 0.153780E+01
  10  -10    0  1.5092  4.1632 0.554883E+07 0.235556E+04 0.133714E+02
  10  -10   10  1.8484  3.3993 0.211956E+02 -.449077E+01 -.101419E+01
  10  -10   20  2.6140  2.4036 0.112772E+07 -.106184E+04 -.146393E+02
  10  -10   30  3.5394  1.7752 0.196422E+05 -.140122E+03 0.285556E+01
  10  -10   40  4.5276  1.3877 0.159798E+07 0.126398E+04 -.183838E+02
  10  -10   50  5.5452  1.1331 0.123012E+04 0.133355E+02 -.324390E+02
  10    0  -50  5.4415  1.1547 0.137322E+06 0.370091E+03 -.188489E+02
  10    0  -40  4.4001  1.4280 0.106135E+04 0.252452E+02 -.205920E+02
  10    0  -30  3.3747  1.8619 0.106500E+07 0.102980E+04 -.672432E+02
  10    0  -20  2.3863  2.6331 0.112438E+04 0.330158E+02 -.585971E+01
  10    0  -10  1.5092  4.1632 0.548115E+07 0.234116E+04 0.103807E+02
  10    0    0  1.0672  5.8877 0.540929E+03 0.425100E+00 0.232540E+02
  10    0   10  1.5092  4.1632 0.553580E+07 0.235280E+04 -.121400E+02
  10    0   20  2.3863  2.6331 0.821163E+03 -.177247E+02 -.225166E+02
  10    0   30  3.3747  1.8619 0.107521E+07 0.103543E+04 -.556664E+02
  10    0   40  4.4001  1.4280 0.229068E+04 -.189860E+02 -.439342E+02
  10    0   50  5.4415  1.1547 0.950528E+05 0.308248E+03 0.598437E+01
  10   10  -50  5.5452  1.1331 0.769512E+04 -.240840E+02 -.843509E+02
  10   10  -40  4.5276  1.3877 0.163635E+07 0.127883E+04 -.307855E+02
  10   10  -30  3.5394  1.7752 0.109458E+03 0.397681E+01 -.967691E+01
  10   10  -20  2.6140  2.4036 0.101037E+07 -.100421E+04 -.439163E+02
  10   10  -10  1.8484  3.3993 0.678241E+02 0.818148E+01 0.942032E+00
  10   10    0  1.5092  4.1632 0.547826E+07 0.234055E+04 -.942207E+01
  10   10   10  1.8484  3.3993 0.183570E+02 -.724004E+00 0.422289E+01
  10   10   20  2.6140  2.4036 0.114597E+07 -.107039E+04 0.149912E+02
  10   10   30  3.5394  1.7752 0.565411E+03 0.237267E+02 0.156673E+01
  10   10   40  4.5276  1.3877 0.164242E+07 0.128003E+04 -.627327E+02
  10   10   50  5.5452  1.1331 0.105117E+04 0.155640E+02 -.284417E+02
  10   20  -50  5.8451  1.0749 0.219394E+05 0.147024E+03 -.179810E+02
  10   20  -40  4.8904  1.2848 0.492744E+03 0.147741E+02 0.165671E+02
  10   20  -30  3.9930  1.5736 0.327262E+05 -.167681E+03 -.678917E+02
  10   20  -20  3.2015  1.9626 0.154916E+03 0.119231E+02 0.357153E+01
  10   20  -10  2.6140  2.4036 0.112784E+07 -.106196E+04 0.897486E+01
  10   20    0  2.3863  2.6331 0.340751E+03 -.928296E+00 -.184361E+02
  10   20   10  2.6140  2.4036 0.110259E+07 -.105002E+04 0.730719E+01
  10   20   20  3.2015  1.9626 0.245887E+04 -.420266E+02 0.263180E+02
  10   20   30  3.9930  1.5736 0.359637E+05 -.189310E+03 -.111944E+02
  10   20   40  4.8904  1.2848 0.816497E+04 -.643261E+02 0.634597E+02
  10   20   50  5.8451  1.0749 0.130505E+05 0.113106E+03 -.160485E+02
  10   30  -40  5.4415  1.1547 0.320699E+06 0.563500E+03 -.562678E+02
  10   30  -30  4.6517  1.3507 0.564664E+02 0.576173E+01 0.482379E+01
  10   30  -20  3.9930  1.5736 0.360917E+05 -.186934E+03 -.338708E+02
  10   30  -10  3.5394  1.7752 0.612520E+03 0.244942E+02 0.354309E+01
  10   30    0  3.3747  1.8619 0.915981E+06 0.956328E+03 -.376643E+02
  10   30   10  3.5394  1.7752 0.553081E+04 -.727280E+02 0.155385E+02
  10   30   20  3.9930  1.5736 0.300031E+05 -.172036E+03 -.201624E+02
  10   30   30  4.6517  1.3507 0.171058E+04 -.391367E+02 0.133753E+02
  10   30   40  5.4415  1.1547 0.343723E+06 0.586263E+03 -.432154E+01
  10   40  -40  6.1304  1.0249 0.274476E+04 0.340859E+02 -.397857E+02
  10   40  -30  5.4415  1.1547 0.409356E+06 0.638563E+03 -.399205E+02
  10   40  -20  4.8904  1.2848 0.251051E+04 -.501024E+02 -.509086E+00
  10   40  -10  4.5276  1.3877 0.153671E+07 0.123942E+04 -.233499E+02
  10   40    0  4.4001  1.4280 0.316392E+03 -.169039E+02 -.553635E+01
  10   40   10  4.5276  1.3877 0.151282E+07 0.122892E+04 -.506088E+02
  10   40   20  4.8904  1.2848 0.135940E+04 0.790344E+00 0.368615E+02
  10   40   30  5.4415  1.1547 0.384662E+06 0.619716E+03 -.247617E+02
  10   40   40  6.1304  1.0249 0.145000E+04 0.216465E+02 -.313278E+02
  10   50  -20  5.8451  1.0749 0.419780E+05 0.204847E+03 -.396949E+01
  10   50  -10  5.5452  1.1331 0.758355E+04 -.803703E+02 -.335285E+02
  10   50    0  5.4415  1.1547 0.113118E+06 0.336031E+03 0.141700E+02
  10   50   10  5.5452  1.1331 0.590231E+03 0.165910E+02 -.177474E+02
  10   50   20  5.8451  1.0749 0.214042E+05 0.139492E+03 0.441163E+02
  20  -50  -20  6.1304  1.0249 0.107865E+05 0.103605E+03 -.724237E+01
  20  -50  -10  5.8451  1.0749 0.240432E+05 0.152189E+03 0.296924E+02
  20  -50    0  5.7469  1.0933 0.462247E+04 0.115355E+02 -.670030E+02
  20  -50   10  5.8451  1.0749 0.854500E+04 0.912885E+02 0.145402E+02
  20  -50   20  6.1304  1.0249 0.644635E+04 -.727750E+02 0.339137E+02
  20  -40  -30  5.7469  1.0933 0.385739E+04 0.447168E+02 -.431022E+02
  20  -40  -20  5.2281  1.2018 0.186241E+06 0.429281E+03 0.442584E+02
  20  -40  -10  4.8904  1.2848 0.198733E+04 0.254883E+02 -.365743E+02
  20  -40    0  4.7725  1.3165 0.879373E+06 0.936456E+03 0.492314E+02
  20  -40   10  4.8904  1.2848 0.605575E+03 0.185239E+02 0.162000E+02
  20  -40   20  5.2281  1.2018 0.194481E+06 0.440105E+03 0.280825E+02
  20  -40   30  5.7469  1.0933 0.137760E+03 -.259626E+01 0.114464E+02
  20  -30  -40  5.7469  1.0933 0.807422E+03 0.116005E+02 -.259394E+02
  20  -30  -30  5.0055  1.2553 0.298283E+05 0.171799E+03 -.177040E+02
  20  -30  -20  4.4001  1.4280 0.898456E+03 -.296415E+02 -.445386E+01
  20  -30  -10  3.9930  1.5736 0.194975E+05 -.134164E+03 0.386987E+02
  20  -30    0  3.8477  1.6330 0.155939E+03 0.117900E+02 -.411537E+01
  20  -30   10  3.9930  1.5736 0.562738E+05 -.236035E+03 0.236936E+02
  20  -30   20  4.4001  1.4280 0.521854E+04 0.715729E+02 -.979125E+01
  20  -30   30  5.0055  1.2553 0.251544E+05 0.153549E+03 0.397112E+02
  20  -30   40  5.7469  1.0933 0.232747E+03 0.114470E+02 0.100853E+02
  20  -20  -50  6.1304  1.0249 0.107226E+04 -.118639E+02 -.305206E+02
  20  -20  -40  5.2281  1.2018 0.175925E+06 0.419219E+03 0.134327E+02
  20  -20  -30  4.4001  1.4280 0.538812E+04 0.723958E+02 -.121228E+02
  20  -20  -20  3.6968  1.6996 0.287624E+07 -.169594E+04 -.667706E+01
  20  -20  -10  3.2015  1.9626 0.579073E+04 -.741305E+02 -.171872E+02
  20  -20    0  3.0184  2.0816 0.122425E+07 -.110636E+04 -.151194E+02
  20  -20   10  3.2015  1.9626 0.523675E+04 0.611546E+02 -.386894E+02
  20  -20   20  3.6968  1.6996 0.319091E+07 -.178630E+04 0.684817E+01
  20  -20   30  4.4001  1.4280 0.697670E+04 -.827217E+02 0.115675E+02
  20  -20   40  5.2281  1.2018 0.173686E+06 0.415659E+03 0.302191E+02
  20  -20   50  6.1304  1.0249 0.284895E+04 -.785350E+01 0.527946E+02
  20  -10  -50  5.8451  1.0749 0.318462E+05 0.159452E+03 0.801325E+02
  20  -10  -40  4.8904  1.2848 0.219818E+04 0.437312E+02 -.169045E+02
  20  -10  -30  3.9930  1.5736 0.377058E+05 -.191444E+03 -.324831E+02
  20  -10  -20  3.2015  1.9626 0.994022E+03 0.211962E+02 -.233397E+02
  20  -10  -10  2.6140  2.4036 0.110226E+07 -.104983E+04 0.104805E+02
  20  -10    0  2.3863  2.6331 0.139478E+03 -.683519E+01 -.963113E+01
  20  -10   10  2.6140  2.4036 0.109114E+07 -.104440E+04 -.190402E+02
  20  -10   20  3.2015  1.9626 0.438782E+04 -.624358E+02 -.221269E+02
  20  -10   30  3.9930  1.5736 0.403285E+05 -.199115E+03 -.261087E+02
  20  -10   40  4.8904  1.2848 0.120385E+05 -.995441E+02 0.461457E+02
  20  -10   50  5.8451  1.0749 0.907311E+04 0.780376E+02 0.546191E+02
  20    0  -50  5.7469  1.0933 0.258056E+04 -.254575E+02 -.439600E+02
  20    0  -40  4.7725  1.3165 0.931955E+06 0.965354E+03 0.684499E+01
  20    0  -30  3.8477  1.6330 0.526571E+04 0.447900E+02 -.570926E+02
  20    0  -20  3.0184  2.0816 0.119104E+07 -.109130E+04 -.102387E+02
  20    0  -10  2.3863  2.6331 0.191110E+04 -.434878E+02 0.446288E+01
  20    0    0  2.1343  2.9438 0.178283E+07 0.133515E+04 -.143840E+02
  20    0   10  2.3863  2.6331 0.751135E+03 0.262723E+02 0.780409E+01
  20    0   20  3.0184  2.0816 0.119454E+07 -.109286E+04 0.142620E+02
  20    0   30  3.8477  1.6330 0.123121E+03 -.110328E+02 0.118263E+01
  20    0   40  4.7725  1.3165 0.932110E+06 0.965253E+03 -.199013E+02
  20    0   50  5.7469  1.0933 0.304170E+04 0.368028E+02 -.410763E+02
  20   10  -50  5.8451  1.0749 0.330725E+05 0.168747E+03 0.678021E+02
  20   10  -40  4.8904  1.2848 0.421783E+03 0.336532E+01 -.202597E+02
  20   10  -30  3.9930  1.5736 0.200539E+05 -.131560E+03 -.524018E+02
  20   10  -20  3.2015  1.9626 0.223338E+04 -.282093E+02 -.379159E+02
  20   10  -10  2.6140  2.4036 0.112262E+07 -.105918E+04 0.274163E+02
  20   10    0  2.3863  2.6331 0.400581E+03 0.195535E+02 0.427112E+01
  20   10   10  2.6140  2.4036 0.106305E+07 -.103060E+04 0.303349E+02
  20   10   20  3.2015  1.9626 0.517949E+04 0.695742E+02 -.184097E+02
  20   10   30  3.9930  1.5736 0.266800E+05 -.162676E+03 0.147084E+02
  20   10   40  4.8904  1.2848 0.174621E+04 0.285866E+02 0.304798E+02
  20   10   50  5.8451  1.0749 0.189910E+05 0.130606E+03 -.439678E+02
  20   20  -50  6.1304  1.0249 0.884920E+03 -.295025E+02 0.381105E+01
  20   20  -40  5.2281  1.2018 0.169485E+06 0.410578E+03 0.301805E+02
  20   20  -30  4.4001  1.4280 0.839708E+03 -.222856E+02 0.185218E+02
  20   20  -20  3.6968  1.6996 0.283243E+07 -.168280E+04 -.250738E+02
  20   20  -10  3.2015  1.9626 0.511515E+03 0.850288E+01 -.209575E+02
  20   20    0  3.0184  2.0816 0.121531E+07 -.110238E+04 0.797297E+01
  20   20   10  3.2015  1.9626 0.139349E+04 -.522756E+01 -.369616E+02
  20   20   20  3.6968  1.6996 0.290704E+07 -.170406E+04 0.566525E+02
  20   20   30  4.4001  1.4280 0.244706E+04 0.361313E+02 0.337873E+02
  20   20   40  5.2281  1.2018 0.165779E+06 0.406775E+03 0.176925E+02
  20   20   50  6.1304  1.0249 0.326479E+04 0.884006E+01 0.564504E+02
  20   30  -40  5.7469  1.0933 0.123434E+03 0.818373E+00 0.110799E+02
  20   30  -30  5.0055  1.2553 0.256607E+05 0.160186E+03 -.103607E+01
  20   30  -20  4.4001  1.4280 0.642054E+03 -.242535E+02 -.733635E+01
  20   30  -10  3.9930  1.5736 0.457498E+05 -.213747E+03 -.788092E+01
  20   30    0  3.8477  1.6330 0.240589E+03 -.433709E+01 -.148922E+02
  20   30   10  3.9930  1.5736 0.294715E+05 -.164213E+03 -.500559E+02
  20   30   20  4.4001  1.4280 0.320644E+03 0.203357E+01 0.177907E+02
  20   30   30  5.0055  1.2553 0.238915E+05 0.154001E+03 0.132325E+02
  20   30   40  5.7469  1.0933 0.862090E+02 0.670208E+01 0.642582E+01
  20   40  -30  5.7469  1.0933 0.177841E+04 -.439213E+01 -.419418E+02
  20   40  -20  5.2281  1.2018 0.196961E+06 0.443783E+03 -.422694E+01
  20   40  -10  4.8904  1.2848 0.227626E+03 -.494286E+01 -.142546E+02
  20   40    0  4.7725  1.3165 0.799936E+06 0.893956E+03 -.278959E+02
  20   40   10  4.8904  1.2848 0.207232E+04 0.338698E+02 0.304164E+02
  20   40   20  5.2281  1.2018 0.230259E+06 0.479297E+03 -.230878E+02
  20   40   30  5.7469  1.0933 0.462305E+04 0.679793E+02 -.136406E+01
  20   50  -20  6.1304  1.0249 0.109594E+04 -.322657E+02 -.740731E+01
  20   50  -10  5.8451  1.0749 0.201405E+05 0.139047E+03 -.283998E+02
  20   50    0  5.7469  1.0933 0.547783E+04 0.296204E+02 -.678267E+02
  20   50   10  5.8451  1.0749 0.123477E+05 0.109202E+03 0.205575E+02
  20   50   20  6.1304  1.0249 0.149568E+05 0.117106E+03 0.352544E+02
  30  -50    0  6.2226  1.0097 0.700511E+05 0.257105E+03 -.628334E+02
  30  -40  -30  6.2226  1.0097 0.671182E+05 0.258553E+03 -.163875E+02
  30  -40  -20  5.7469  1.0933 0.351068E+04 0.585443E+02 -.912344E+01
  30  -40  -10  5.4415  1.1547 0.387217E+06 0.621770E+03 0.248930E+02
  30  -40    0  5.3359  1.1775 0.619462E+02 0.159362E+01 -.770757E+01
  30  -40   10  5.4415  1.1547 0.378068E+06 0.614306E+03 -.263991E+02
  30  -40   20  5.7469  1.0933 0.859561E+04 0.862738E+01 0.923102E+02
  30  -40   30  6.2226  1.0097 0.136770E+06 0.369804E+03 -.384963E+01
  30  -30  -40  6.2226  1.0097 0.105565E+06 0.321295E+03 -.483116E+02
  30  -30  -30  5.5452  1.1331 0.331645E+04 0.151776E+02 -.555526E+02
  30  -30  -20  5.0055  1.2553 0.270835E+05 0.163261E+03 0.207246E+02
  30  -30  -10  4.6517  1.3507 0.658342E+04 -.803895E+02 -.109974E+02
  30  -30    0  4.5276  1.3877 0.325385E+06 0.570264E+03 -.135602E+02
  30  -30   10  4.6517  1.3507 0.662164E+04 0.778463E+02 0.236981E+02
  30  -30   20  5.0055  1.2553 0.368003E+05 0.191433E+03 0.123965E+02
  30  -30   30  5.5452  1.1331 0.171687E+04 0.414323E+02 -.490240E+00
  30  -30   40  6.2226  1.0097 0.151732E+06 0.389475E+03 0.642858E+01
  30  -20  -40  5.7469  1.0933 0.158581E+04 0.172225E+02 -.359053E+02
  30  -20  -30  5.0055  1.2553 0.224353E+05 0.145432E+03 -.358453E+02
  30  -20  -20  4.4001  1.4280 0.703187E+03 -.219157E+02 -.149295E+02
  30  -20  -10  3.9930  1.5736 0.163728E+05 -.127329E+03 0.126556E+02
  30  -20    0  3.8477  1.6330 0.152241E+04 -.141368E+01 -.389925E+02
  30  -20   10  3.9930  1.5736 0.374714E+05 -.188868E+03 -.424279E+02
  30  -20   20  4.4001  1.4280 0.175070E+04 0.318311E+02 -.271566E+02
  30  -20   30  5.0055  1.2553 0.326385E+05 0.176437E+03 -.388390E+02
  30  -20   40  5.7469  1.0933 0.100697E+04 -.235826E+02 0.212328E+02
  30  -10  -40  5.4415  1.1547 0.343362E+06 0.585614E+03 0.204357E+02
  30  -10  -30  4.6517  1.3507 0.314852E+04 0.468820E+02 -.308318E+02
  30  -10  -20  3.9930  1.5736 0.307784E+05 -.166137E+03 0.563631E+02
  30  -10  -10  3.5394  1.7752 0.305428E+04 -.550212E+02 -.519084E+01
  30  -10    0  3.3747  1.8619 0.113103E+07 0.106138E+04 -.671599E+02
  30  -10   10  3.5394  1.7752 0.251037E+04 0.498211E+02 0.531325E+01
  30  -10   20  3.9930  1.5736 0.251689E+05 -.146688E+03 -.604289E+02
  30  -10   30  4.6517  1.3507 0.744760E+04 -.795345E+02 0.334944E+02
  30  -10   40  5.4415  1.1547 0.374458E+06 0.611556E+03 -.213812E+02
  30    0  -50  6.2226  1.0097 0.666842E+05 0.237740E+03 0.100816E+03
  30    0  -40  5.3359  1.1775 0.332002E+02 0.556861E+01 0.148013E+01
  30    0  -30  4.5276  1.3877 0.341563E+06 0.584430E+03 0.225585E+01
  30    0  -20  3.8477  1.6330 0.210805E+04 -.398931E+02 -.227286E+02
  30    0  -10  3.3747  1.8619 0.959988E+06 0.978905E+03 0.416195E+02
  30    0    0  3.2015  1.9626 0.432679E+04 0.131952E+02 0.644413E+02
  30    0   10  3.3747  1.8619 0.117918E+07 0.108456E+04 -.538494E+02
  30    0   20  3.8477  1.6330 0.225561E+04 0.228662E+02 0.416263E+02
  30    0   30  4.5276  1.3877 0.394388E+06 0.626553E+03 -.426634E+02
  30    0   40  5.3359  1.1775 0.263596E+04 -.150715E+02 0.490796E+02
  30    0   50  6.2226  1.0097 0.513146E+05 0.226524E+03 -.119442E+01
  30   10  -40  5.4415  1.1547 0.363614E+06 0.601807E+03 0.379781E+02
  30   10  -30  4.6517  1.3507 0.159978E+04 -.288076E+02 -.277470E+02
  30   10  -20  3.9930  1.5736 0.245948E+05 -.155705E+03 0.187267E+02
  30   10  -10  3.5394  1.7752 0.256245E+04 -.366119E+02 0.349574E+02
  30   10    0  3.3747  1.8619 0.963514E+06 0.981516E+03 0.118374E+02
  30   10   10  3.5394  1.7752 0.330900E+04 0.526427E+02 0.231894E+02
  30   10   20  3.9930  1.5736 0.158405E+05 -.114761E+03 0.516758E+02
  30   10   30  4.6517  1.3507 0.777156E+04 0.881511E+02 -.969736E+00
  30   10   40  5.4415  1.1547 0.385172E+06 0.620010E+03 -.275780E+02
  30   20  -40  5.7469  1.0933 0.102898E+05 -.584540E+02 0.829028E+02
  30   20  -30  5.0055  1.2553 0.317901E+05 0.178246E+03 0.428533E+01
  30   20  -20  4.4001  1.4280 0.360611E+04 -.595500E+02 -.773991E+01
  30   20  -10  3.9930  1.5736 0.319694E+05 -.178197E+03 0.146676E+02
  30   20    0  3.8477  1.6330 0.157464E+03 0.119415E+02 -.385555E+01
  30   20   10  3.9930  1.5736 0.149567E+05 -.121304E+03 0.155549E+02
  30   20   20  4.4001  1.4280 0.381987E+04 0.384199E+02 -.484126E+02
  30   20   30  5.0055  1.2553 0.152121E+05 0.117183E+03 0.384728E+02
  30   20   40  5.7469  1.0933 0.248426E+03 0.767255E+01 0.137680E+02
  30   30  -40  6.2226  1.0097 0.806966E+05 0.272604E+03 0.798974E+02
  30   30  -30  5.5452  1.1331 0.635897E+04 -.779001E+02 0.170453E+02
  30   30  -20  5.0055  1.2553 0.245861E+05 0.156376E+03 -.115125E+02
  30   30  -10  4.6517  1.3507 0.315821E+03 -.155504E+02 0.860268E+01
  30   30    0  4.5276  1.3877 0.309813E+06 0.556362E+03 -.165646E+02
  30   30   10  4.6517  1.3507 0.143187E+04 -.336062E+02 0.173924E+02
  30   30   20  5.0055  1.2553 0.520486E+05 0.220288E+03 -.593437E+02
  30   30   30  5.5452  1.1331 0.135605E+04 -.131330E+02 -.344031E+02
  30   30   40  6.2226  1.0097 0.367539E+05 0.191173E+03 0.143800E+02
  30   40  -30  6.2226  1.0097 0.104912E+06 0.314611E+03 0.770221E+02
  30   40  -20  5.7469  1.0933 0.173554E+04 0.312177E+02 0.275862E+02
  30   40  -10  5.4415  1.1547 0.283675E+06 0.532610E+03 -.127921E+01
  30   40    0  5.3359  1.1775 0.289479E+04 -.308832E+01 0.537146E+02
  30   40   10  5.4415  1.1547 0.390010E+06 0.624496E+03 -.379372E+01
  30   40   20  5.7469  1.0933 0.382599E+04 0.390623E+02 0.479596E+02
  30   40   30  6.2226  1.0097 0.995276E+05 0.313638E+03 -.340394E+02
  30   50    0  6.2226  1.0097 0.321995E+05 0.174523E+03 0.417288E+02
  40  -40  -10  6.1304  1.0249 0.329174E+04 -.327739E+02 0.470915E+02
  40  -40    0  6.0368  1.0408 0.315012E+06 0.561078E+03 -.142475E+02
  40  -40   10  6.1304  1.0249 0.158758E+05 0.288141E+02 0.122660E+03
  40  -30  -30  6.2226  1.0097 0.583134E+05 0.220960E+03 -.974167E+02
  40  -30  -20  5.7469  1.0933 0.652838E+04 -.302091E+02 0.749386E+02
  40  -30  -10  5.4415  1.1547 0.377838E+06 0.614127E+03 0.261868E+02
  40  -30    0  5.3359  1.1775 0.174132E+04 -.284777E+02 0.305014E+02
  40  -30   10  5.4415  1.1547 0.334325E+06 0.576979E+03 0.376860E+02
  40  -30   20  5.7469  1.0933 0.102950E+05 0.565359E+02 0.842538E+02
  40  -30   30  6.2226  1.0097 0.127681E+06 0.356946E+03 -.164563E+02
  40  -20  -30  5.7469  1.0933 0.187406E+04 0.372462E+02 0.220631E+02
  40  -20  -20  5.2281  1.2018 0.184613E+06 0.428639E+03 0.296962E+02
  40  -20  -10  4.8904  1.2848 0.327279E+04 -.562720E+02 0.103080E+02
  40  -20    0  4.7725  1.3165 0.964968E+06 0.982255E+03 -.119596E+02
  40  -20   10  4.8904  1.2848 0.634763E+04 0.796690E+02 0.692986E+00
  40  -20   20  5.2281  1.2018 0.183248E+06 0.428012E+03 -.731535E+01
  40  -20   30  5.7469  1.0933 0.127436E+04 -.685875E+01 -.350331E+02
  40  -10  -40  6.1304  1.0249 0.103647E+04 -.782420E+01 0.312290E+02
  40  -10  -30  5.4415  1.1547 0.312428E+06 0.558018E+03 -.323149E+02
  40  -10  -20  4.8904  1.2848 0.799636E+03 0.110922E+02 0.260115E+02
  40  -10  -10  4.5276  1.3877 0.168711E+07 0.129842E+04 0.348164E+02
  40  -10    0  4.4001  1.4280 0.125154E+04 0.353452E+02 -.150152E+01
  40  -10   10  4.5276  1.3877 0.175270E+07 0.132201E+04 -.706681E+02
  40  -10   20  4.8904  1.2848 0.168465E+04 -.182399E+02 0.367690E+02
  40  -10   30  5.4415  1.1547 0.341372E+06 0.580292E+03 -.680654E+02
  40  -10   40  6.1304  1.0249 0.194127E+04 -.398617E+02 -.187701E+02
  40    0  -40  6.0368  1.0408 0.247051E+06 0.497042E+03 -.552230E-02
  40    0  -30  5.3359  1.1775 0.915312E+03 0.165796E+00 -.302537E+02
  40    0  -20  4.7725  1.3165 0.936802E+06 0.967380E+03 0.312568E+02
  40    0  -10  4.4001  1.4280 0.375028E+04 -.115520E+02 0.601401E+02
  40    0    0  4.2687  1.4719 0.452385E+07 0.212635E+04 -.499989E+02
  40    0   10  4.4001  1.4280 0.112782E+05 0.178048E+02 0.104696E+03
  40    0   20  4.7725  1.3165 0.106754E+07 0.103247E+04 -.393965E+02
  40    0   30  5.3359  1.1775 0.106468E+04 -.208489E+02 0.250999E+02
  40    0   40  6.0368  1.0408 0.262271E+06 0.510376E+03 -.422755E+02
  40   10  -40  6.1304  1.0249 0.167697E+04 -.115562E+02 0.392865E+02
  40   10  -30  5.4415  1.1547 0.344539E+06 0.585680E+03 -.389644E+02
  40   10  -20  4.8904  1.2848 0.485437E+03 0.125459E+02 0.181118E+02
  40   10  -10  4.5276  1.3877 0.146168E+07 0.120898E+04 0.674995E+01
  40   10    0  4.4001  1.4280 0.599491E+04 0.245980E+02 0.734156E+02
  40   10   10  4.5276  1.3877 0.162544E+07 0.127490E+04 0.923358E+01
  40   10   20  4.8904  1.2848 0.103563E+04 0.264839E+02 0.182819E+02
  40   10   30  5.4415  1.1547 0.333912E+06 0.576839E+03 0.341940E+02
  40   10   40  6.1304  1.0249 0.103955E+04 0.301137E+02 0.115202E+02
  40   20  -30  5.7469  1.0933 0.161726E+04 -.330695E+02 0.228838E+02
  40   20  -20  5.2281  1.2018 0.213169E+06 0.457995E+03 -.583906E+02
  40   20  -10  4.8904  1.2848 0.299794E+03 0.172321E+02 0.168724E+01
  40   20    0  4.7725  1.3165 0.828307E+06 0.910029E+03 0.124688E+02
  40   20   10  4.8904  1.2848 0.153183E+03 0.123745E+02 -.233509E+00
  40   20   20  5.2281  1.2018 0.222859E+06 0.470302E+03 0.409211E+02
  40   20   30  5.7469  1.0933 0.586299E+04 0.256277E+02 -.721541E+02
  40   30  -30  6.2226  1.0097 0.866340E+05 0.294315E+03 -.359325E+01
  40   30  -20  5.7469  1.0933 0.103337E+03 -.960671E+01 -.332387E+01
  40   30  -10  5.4415  1.1547 0.311108E+06 0.556272E+03 -.408601E+02
  40   30    0  5.3359  1.1775 0.260835E+04 -.417702E+02 0.293872E+02
  40   30   10  5.4415  1.1547 0.379503E+06 0.615890E+03 -.135043E+02
  40   30   20  5.7469  1.0933 0.353281E+04 -.480382E+02 -.350020E+02
  40   30   30  6.2226  1.0097 0.465979E+05 0.206653E+03 -.623901E+02
  40   40  -10  6.1304  1.0249 0.705326E+03 -.373427E+01 0.262941E+02
  40   40    0  6.0368  1.0408 0.188695E+06 0.430348E+03 0.591223E+02
  40   40   10  6.1304  1.0249 0.824680E+04 -.472873E+02 0.775288E+02
  50  -30    0  6.2226  1.0097 0.354101E+05 0.184091E+03 0.389948E+02
  50  -20  -20  6.1304  1.0249 0.232477E+04 0.157689E+00 0.482156E+02
  50  -20  -10  5.8451  1.0749 0.304002E+05 0.163343E+03 0.609860E+02
  50  -20    0  5.7469  1.0933 0.529387E+04 0.158161E+02 -.710192E+02
  50  -20   10  5.8451  1.0749 0.190382E+05 0.104180E+03 0.904692E+02
  50  -20   20  6.1304  1.0249 0.179789E+03 -.122835E+02 -.537626E+01
  50  -10  -20  5.8451  1.0749 0.314758E+05 0.169087E+03 0.537142E+02
  50  -10  -10  5.5452  1.1331 0.108513E+04 -.920352E+01 -.316295E+02
  50  -10    0  5.4415  1.1547 0.125473E+06 0.354033E+03 0.115448E+02
  50  -10   10  5.5452  1.1331 0.204639E+03 0.725139E+01 -.123311E+02
  50  -10   20  5.8451  1.0749 0.198664E+05 0.140424E+03 -.121442E+02
  50    0  -30  6.2226  1.0097 0.429597E+05 0.201785E+03 -.473557E+02
  50    0  -20  5.7469  1.0933 0.953070E+03 0.237104E+02 0.197709E+02
  50    0  -10  5.4415  1.1547 0.112253E+06 0.334569E+03 0.177874E+02
  50    0    0  5.3359  1.1775 0.439604E+03 -.209480E+02 0.886315E+00
  50    0   10  5.4415  1.1547 0.127129E+06 0.354893E+03 -.343493E+02
  50    0   20  5.7469  1.0933 0.117593E+05 -.905156E+02 0.597176E+02
  50    0   30  6.2226  1.0097 0.185775E+05 0.136287E+03 -.183999E+01
  50   10  -20  5.8451  1.0749 0.268771E+05 0.159243E+03 -.389708E+02
  50   10  -10  5.5452  1.1331 0.214587E+04 0.372855E+02 0.274893E+02
  50   10    0  5.4415  1.1547 0.650329E+05 0.255001E+03 -.274855E+01
  50   10   10  5.5452  1.1331 0.593927E+04 -.310718E+02 0.705252E+02
  50   10   20  5.8451  1.0749 0.374876E+05 0.179500E+03 0.725767E+02
  50   20  -20  6.1304  1.0249 0.631735E+04 0.791036E+02 -.774435E+01
  50   20  -10  5.8451  1.0749 0.290826E+05 0.167240E+03 -.333693E+02
  50   20    0  5.7469  1.0933 0.106577E+04 0.261745E+02 -.195107E+02
  50   20   10  5.8451  1.0749 0.266902E+05 0.160874E+03 0.284563E+02
  50   20   20  6.1304  1.0249 0.177203E+04 -.266175E+01 -.420113E+02
  50   30    0  6.2226  1.0097 0.316143E+05 0.176701E+03 0.197773E+02
