         2839
 SF6 190K
            3.21       -0.0345072
            3.23       -0.0437201
            3.25       -0.0452595
            3.27       -0.0368192
            3.29       -0.0181724
            3.31       0.00848164
            3.33        0.0387658
            3.35        0.0669555
            3.37        0.0872221
            3.39        0.0949925
            3.41        0.0880875
            3.43        0.0673413
            3.45        0.0365241
            3.47       0.00157298
            3.49       -0.0306933
            3.51       -0.0540633
            3.53        -0.064264
            3.55       -0.0598123
            3.57        -0.042202
            3.59       -0.0154009
            3.61        0.0151763
            3.63        0.0439419
            3.65        0.0663239
            3.67        0.0795905
            3.69        0.0831479
            3.71        0.0782946
            3.73        0.0675809
            3.75        0.0539886
            3.77        0.0401904
            3.79         0.028071
            3.81         0.018595
            3.83        0.0119876
            3.85       0.00807996
            3.87       0.00665438
            3.89       0.00763442
            3.91        0.0110528
            3.93        0.0168304
            3.95        0.0244882
            3.97        0.0329547
            3.99        0.0406022
            4.01         0.045569
            4.03        0.0463058
            4.05        0.0421827
            4.07        0.0339447
            4.09        0.0238075
            4.11         0.015094
            4.13        0.0114402
            4.15        0.0157559
            4.17        0.0292258
            4.19        0.0506684
            4.21        0.0764934
            4.23         0.101345
            4.25         0.119327
            4.27         0.125516
            4.29         0.117357
            4.31        0.0955549
            4.33        0.0641497
            4.35        0.0297269
            4.37     -0.000107356
            4.39       -0.0185941
            4.41       -0.0215571
            4.43      -0.00853628
            4.45        0.0170039
            4.47        0.0484691
            4.49        0.0777465
            4.51        0.0972205
            4.53         0.101666
            4.55        0.0895302
            4.57         0.063257
            4.59        0.0285934
            4.61      -0.00693793
            4.63       -0.0359767
            4.65       -0.0531578
            4.67       -0.0563597
            4.69       -0.0470599
            4.71       -0.0297398
            4.73       -0.0105367
            4.75       0.00445669
            4.77         0.010777
            4.79       0.00663395
            4.81      -0.00683496
            4.83       -0.0261196
            4.85       -0.0464956
            4.87       -0.0634226
            4.89       -0.0737748
            4.91       -0.0765685
            4.93       -0.0730156
            4.95       -0.0659394
            4.97       -0.0587696
            4.99       -0.0544461
            5.01       -0.0545639
            5.03       -0.0589994
            5.05       -0.0660985
            5.07       -0.0733337
            5.09       -0.0781959
            5.11       -0.0790264
            5.13       -0.0755306
            5.15       -0.0688247
            5.17       -0.0610163
            5.19       -0.0544698
            5.21       -0.0510017
            5.23       -0.0512607
            5.25       -0.0544922
            5.27       -0.0587555
            5.29       -0.0615243
            5.31       -0.0604812
            5.33       -0.0542611
            5.35       -0.0429193
            5.37       -0.0279841
            5.39       -0.0120795
            5.41       0.00176528
            5.43        0.0109185
            5.45        0.0138281
            5.47        0.0103973
            5.49       0.00195719
            5.51       -0.0091352
            5.53       -0.0201463
            5.55       -0.0286676
            5.57        -0.033176
            5.59       -0.0333082
            5.61       -0.0297994
            5.63       -0.0241361
            5.65       -0.0180454
            5.67       -0.0129858
            5.69      -0.00978305
            5.71      -0.00849987
            5.73      -0.00854841
            5.75      -0.00898238
            5.77      -0.00885613
            5.79      -0.00753106
            5.81      -0.00483877
            5.83      -0.00106664
            5.85       0.00320787
            5.87       0.00736068
            5.89        0.0109501
            5.91        0.0138538
            5.93        0.0162732
            5.95        0.0186162
            5.97        0.0213091
            5.99        0.0246127
            6.01        0.0285094
            6.03        0.0327007
            6.05        0.0367139
            6.07        0.0400754
            6.09        0.0424874
            6.11        0.0439433
            6.13         0.044739
            6.15        0.0453787
            6.17        0.0464042
            6.19        0.0482088
            6.21        0.0508989
            6.23        0.0542531
            6.25        0.0577878
            6.27        0.0609146
            6.29        0.0631297
            6.31        0.0641775
            6.33        0.0641298
            6.35        0.0633596
            6.37        0.0624149
            6.39        0.0618373
            6.41         0.061986
            6.43        0.0629213
            6.45        0.0643898
            6.47        0.0659083
            6.49        0.0669234
            6.51        0.0669879
            6.53        0.0659009
            6.55        0.0637639
            6.57        0.0609392
            6.59         0.057926
            6.61         0.055197
            6.63          0.05305
            6.65         0.051522
            6.67        0.0503916
            6.69        0.0492649
            6.71        0.0477163
            6.73        0.0454305
            6.75        0.0423042
            6.77        0.0384721
            6.79        0.0342522
            6.81        0.0300327
            6.83        0.0261406
            6.85        0.0227366
            6.87        0.0197725
            6.89        0.0170223
            6.91        0.0141744
            6.93        0.0109515
            6.95       0.00721526
            6.97       0.00301903
            6.99      -0.00140862
            7.01      -0.00574307
            7.03      -0.00967763
            7.05       -0.0130317
            7.07       -0.0158154
            7.09        -0.018228
            7.11       -0.0205893
            7.13        -0.023229
            7.15       -0.0263701
            7.17       -0.0300467
            7.19       -0.0340862
            7.21       -0.0381608
            7.23        -0.041892
            7.25       -0.0449739
            7.27       -0.0472733
            7.29       -0.0488729
            7.31       -0.0500441
            7.33       -0.0511547
            7.35       -0.0525469
            7.37       -0.0544225
            7.39       -0.0567733
            7.41       -0.0593843
            7.43       -0.0619027
            7.45        -0.063956
            7.47       -0.0652746
            7.49       -0.0657841
            7.51       -0.0656328
            7.53       -0.0651469
            7.55       -0.0647282
            7.57       -0.0647263
            7.59       -0.0653298
            7.61       -0.0665078
            7.63       -0.0680235
            7.65       -0.0695121
            7.67       -0.0705987
            7.69        -0.071017
            7.71       -0.0706895
            7.73       -0.0697453
            7.75       -0.0684705
            7.77       -0.0672068
            7.79       -0.0662389
            7.81        -0.065698
            7.83       -0.0655235
            7.85       -0.0654869
            7.87       -0.0652728
            7.89       -0.0645861
            7.91       -0.0632532
            7.93       -0.0612791
            7.95       -0.0588436
            7.97        -0.056242
            7.99       -0.0537832
         8.00999       -0.0516883
            8.03       -0.0500178
            8.05       -0.0486535
            8.07       -0.0473422
            8.09       -0.0457835
            8.11       -0.0437343
            8.13        -0.041094
            8.15       -0.0379413
            8.17       -0.0345123
            8.19       -0.0311243
            8.21       -0.0280732
            8.23       -0.0255371
            8.25       -0.0235173
            8.27       -0.0218387
            8.29       -0.0202052
            8.31       -0.0182965
            8.33        -0.015871
            8.35       -0.0128437
            8.37      -0.00931284
            8.39      -0.00552853
            8.41      -0.00181294
            8.43       0.00154098
         8.45001       0.00435899
         8.47001       0.00663538
         8.49001       0.00852773
         8.51001        0.0102997
         8.53001        0.0122314
         8.55001        0.0145279
         8.57001        0.0172546
         8.59001          0.02032
         8.61001        0.0235105
         8.63001        0.0265632
         8.65001        0.0292521
         8.67001        0.0314582
         8.69001        0.0332025
         8.71001        0.0346298
         8.73001        0.0359518
         8.75001        0.0373718
         8.77001        0.0390121
         8.79001        0.0408751
         8.81001        0.0428459
         8.83001        0.0447367
         8.85002        0.0463574
         8.87002        0.0475848
         8.89002        0.0484101
         8.91002        0.0489456
         8.93002        0.0493872
         8.95002        0.0499495
         8.97002        0.0507918
         8.99002        0.0519621
         9.01002        0.0533766
         9.03002         0.054845
         9.05002        0.0561307
         9.07002        0.0570242
         9.09002        0.0574116
         9.11002        0.0573087
         9.13002         0.056851
         9.15002        0.0562481
         9.17002        0.0557097
         9.19002        0.0553761
         9.21002        0.0552703
         9.23002        0.0552923
         9.25002        0.0552552
         9.27002        0.0549506
         9.29002        0.0542233
         9.31002        0.0530292
         9.33003        0.0514571
         9.35003        0.0497053
         9.37003        0.0480238
         9.39003         0.046638
         9.41003        0.0456779
         9.43003        0.0451388
         9.45003        0.0448825
         9.47003        0.0446795
         9.49003        0.0442799
         9.51003        0.0434857
         9.53003        0.0422051
         9.55003        0.0404731
         9.57003        0.0384286
         9.59003        0.0362625
         9.61003        0.0341522
         9.63003        0.0322063
         9.65003        0.0304374
         9.67003        0.0287702
         9.69003        0.0270815
         9.71003        0.0252577
         9.73004         0.023245
         9.75004        0.0210777
         9.77004        0.0188734
         9.79004        0.0167927
         9.81004        0.0149826
         9.83004         0.013519
         9.85004        0.0123717
         9.87004        0.0114033
         9.89004         0.010406
         9.91004       0.00916425
         9.93004       0.00752387
         9.95004       0.00544478
         9.97004       0.00301999
         9.99004       0.00045296
           10.01      -0.00200019
           10.03      -0.00410687
           10.05      -0.00572796
           10.07      -0.00686041
           10.09      -0.00764003
           10.11      -0.00830121
           10.13      -0.00910876
           10.15       -0.0102806
           10.17       -0.0119263
           10.19       -0.0140201
         10.2101       -0.0164085
         10.2301       -0.0188662
           10.25       -0.0211585
           10.27       -0.0231097
         10.2901       -0.0246458
         10.3101       -0.0258071
           10.33       -0.0267218
           10.35       -0.0275587
         10.3701       -0.0284703
         10.3901       -0.0295474
         10.4101        -0.030799
           10.43       -0.0321604
           10.45       -0.0335264
         10.4701       -0.0347931
         10.4901       -0.0358972
           10.51       -0.0368343
           10.53       -0.0376549
         10.5501       -0.0384379
         10.5701       -0.0392552
           10.59       -0.0401381
           10.61       -0.0410619
         10.6301       -0.0419509
         10.6501       -0.0427038
         10.6701       -0.0432332
         10.6901       -0.0434974
         10.7101         -0.04352
         10.7301       -0.0433854
         10.7501       -0.0432114
         10.7701       -0.0431103
         10.7901       -0.0431493
         10.8101       -0.0433255
         10.8301       -0.0435652
         10.8501       -0.0437474
         10.8701       -0.0437451
         10.8901       -0.0434702
         10.9101       -0.0429061
         10.9301        -0.042117
         10.9501       -0.0412305
         10.9701       -0.0403976
         10.9901       -0.0397434
         11.0101       -0.0393267
         11.0301       -0.0391188
         11.0501       -0.0390123
         11.0701       -0.0388554
         11.0901       -0.0385015
         11.1101       -0.0378561
         11.1301       -0.0369085
         11.1501       -0.0357326
         11.1701       -0.0344612
         11.1901       -0.0332386
         11.2101       -0.0321704
         11.2301       -0.0312843
         11.2501       -0.0305197
         11.2701       -0.0297456
         11.2901       -0.0288062
         11.3101       -0.0275749
         11.3301       -0.0260024
         11.3501        -0.024138
         11.3701       -0.0221211
         11.3901       -0.0201395
         11.4101       -0.0183705
         11.4301       -0.0169223
         11.4501       -0.0157955
         11.4701       -0.0148778
         11.4901        -0.013974
         11.5101       -0.0128665
         11.5301       -0.0113808
         11.5501      -0.00944374
         11.5701      -0.00711091
         11.5901      -0.00455452
         11.6101      -0.00201725
         11.6301      0.000257569
         11.6501       0.00209484
         11.6701        0.0034382
         11.6901       0.00436382
         11.7101       0.00505634
         11.7301        0.0057525
         11.7501       0.00667168
         11.7701       0.00795278
         11.7901       0.00961809
         11.8101        0.0115719
         11.8301         0.013635
         11.8501        0.0156018
         11.8701        0.0173022
         11.8901         0.018649
         11.9101        0.0196573
         11.9301         0.020432
         11.9501        0.0211258
         11.9701        0.0218901
         11.9901        0.0228253
         12.0101        0.0239538
         12.0301        0.0252199
         12.0501         0.026514
         12.0701        0.0277152
         12.0901        0.0287321
         12.1101        0.0295325
         12.1301         0.030149
         12.1501        0.0306628
         12.1701        0.0311703
         12.1901        0.0317443
         12.2101        0.0324073
         12.2301        0.0331222
         12.2501        0.0338056
         12.2701        0.0343587
         12.2901        0.0347032
         12.3101        0.0348116
         12.3301        0.0347177
         12.3501        0.0345057
         12.3701        0.0342804
         12.3901        0.0341284
         12.4101         0.034083
         12.4301        0.0341085
         12.4501        0.0341068
         12.4701        0.0339474
         12.4901        0.0335116
         12.5101        0.0327356
         12.5301        0.0316386
         12.5501        0.0303269
         12.5701        0.0289687
         12.5901        0.0277478
         12.6101        0.0268102
         12.6301        0.0262176
         12.6501        0.0259248
         12.6701        0.0257869
         12.6901        0.0255957
         12.7101         0.025135
         12.7301          0.02424
         12.7501        0.0228414
         12.7701        0.0209844
         12.7901         0.018816
         12.8101        0.0165434
         12.8301        0.0143836
         12.8501        0.0125013
         12.8701         0.010976
         12.8901       0.00978783
         12.9101       0.00883349
         12.9301       0.00796438
         12.9501       0.00703358
         12.9701       0.00593887
         12.9901       0.00464802
         13.0101       0.00320156
         13.0301       0.00169196
         13.0501      0.000229291
         13.0701      -0.00109749
         13.0901      -0.00224924
         13.1101      -0.00324877
         13.1301      -0.00417175
         13.1501      -0.00512137
         13.1701      -0.00619398
         13.1901      -0.00744752
         13.2101      -0.00888138
         13.2301       -0.0104343
         13.2501       -0.0120004
         13.2701       -0.0134549
         13.2901       -0.0146917
         13.3101       -0.0156485
         13.3301       -0.0163229
         13.3501       -0.0167711
         13.3701       -0.0170917
         13.3901       -0.0173979
         13.4101       -0.0177877
         13.4301       -0.0183188
         13.4501       -0.0189946
         13.4701       -0.0197655
         13.4901       -0.0205427
         13.5101       -0.0212225
         13.5301       -0.0217141
         13.5501       -0.0219627
         13.5701        -0.021965
         13.5901       -0.0217708
         13.6101       -0.0214725
         13.6301       -0.0211841
         13.6501       -0.0210146
         13.6701       -0.0210417
         13.6901        -0.021292
         13.7101       -0.0217318
         13.7301       -0.0222722
         13.7501       -0.0227854
         13.7701       -0.0231314
         13.7901       -0.0231872
         13.8101        -0.022875
         13.8301       -0.0221783
         13.8501       -0.0211471
         13.8701       -0.0198873
         13.8901        -0.018537
         13.9101       -0.0172372
         13.9301       -0.0161006
         13.9501       -0.0151899
         13.9701       -0.0145075
         13.9901       -0.0140007
         14.0101       -0.0135805
         14.0301       -0.0131483
         14.0501       -0.0126224
         14.0701       -0.0119584
         14.0901       -0.0111562
         14.1101       -0.0102535
         14.1301      -0.00930955
         14.1501      -0.00837977
         14.1701      -0.00749626
         14.1901      -0.00665586
         14.2101      -0.00582089
         14.2301      -0.00493286
         14.2501      -0.00393379
         14.2701      -0.00278877
         14.2901       -0.0015015
         14.3101     -0.000118318
         14.3301       0.00128221
         14.3501       0.00260959
         14.3701       0.00378694
         14.3901       0.00477196
         14.4101       0.00556811
         14.4301        0.0062211
         14.4501       0.00680248
         14.4701       0.00738554
         14.4901       0.00802141
         14.5101        0.0087234
         14.5301       0.00946454
         14.5502        0.0101902
         14.5701        0.0108382
         14.5901         0.011366
         14.6102        0.0117677
         14.6302        0.0120799
         14.6502        0.0123719
         14.6701        0.0127228
         14.6901         0.013194
         14.7102        0.0138033
         14.7302        0.0145137
         14.7501        0.0152374
         14.7701        0.0158572
         14.7902        0.0162585
         14.8102        0.0163622
         14.8301         0.016148
         14.8501        0.0156617
         14.8702        0.0150037
         14.8902        0.0143009
         14.9101        0.0136727
         14.9301        0.0131997
         14.9502         0.012906
         14.9702        0.0127582
         14.9902         0.012683
         15.0102        0.0125944
         15.0302        0.0124242
         15.0502        0.0121418
         15.0702        0.0117614
         15.0902        0.0113309
         15.1102        0.0109093
         15.1302        0.0105403
         15.1502        0.0102312
         15.1702       0.00994578
         15.1902       0.00961307
         15.2102       0.00914974
         15.2302       0.00848876
         15.2502       0.00760383
         15.2702       0.00652175
         15.2902       0.00531751
         15.3102       0.00409416
         15.3302       0.00295293
         15.3502        0.0019648
         15.3702       0.00115119
         15.3902      0.000482094
         15.4102     -0.000109865
         15.4302     -0.000703381
         15.4502      -0.00135886
         15.4702      -0.00209921
         15.4902      -0.00290254
         15.5102      -0.00371363
         15.5302      -0.00446738
         15.5502      -0.00511681
         15.5702      -0.00565454
         15.5902      -0.00611896
         15.6102      -0.00658309
         15.6302      -0.00712784
         15.6502       -0.0078103
         15.6702      -0.00863693
         15.6902      -0.00955404
         15.7102        -0.010458
         15.7302       -0.0112259
         15.7502       -0.0117557
         15.7702       -0.0120028
         15.7902       -0.0120011
         15.8102       -0.0118589
         15.8302       -0.0117294
         15.8502       -0.0117643
         15.8702       -0.0120648
         15.8902       -0.0126444
         15.9102       -0.0134204
         15.9302        -0.014234
         15.9502       -0.0148981
         15.9702       -0.0152561
         15.9902       -0.0152351
         16.0102       -0.0148746
         16.0302       -0.0143215
         16.0502       -0.0137896
         16.0702       -0.0134966
         16.0902        -0.013596
         16.1102       -0.0141252
         16.1302       -0.0149887
         16.1502       -0.0159787
         16.1702       -0.0168334
         16.1902       -0.0173117
         16.2102       -0.0172644
         16.2302       -0.0166799
         16.2502       -0.0156896
         16.2702       -0.0145312
         16.2902       -0.0134811
         16.3102       -0.0127754
         16.3302       -0.0125434
         16.3502       -0.0127742
         16.3702       -0.0133239
         16.3902       -0.0139631
         16.4102       -0.0144468
         16.4302       -0.0145864
         16.4502       -0.0143005
         16.4702       -0.0136302
         16.4902       -0.0127156
         16.5102       -0.0117422
         16.5302       -0.0108754
         16.5502       -0.0102062
         16.5702      -0.00972397
         16.5902      -0.00932574
         16.6102      -0.00885826
         16.6302      -0.00817688
         16.6502      -0.00720216
         16.6702      -0.00595393
         16.6902      -0.00455119
         16.7102      -0.00317715
         16.7302      -0.00202199
         16.7502      -0.00122048
         16.7702     -0.000806627
         16.7902     -0.000701145
         16.8102     -0.000734212
         16.8302     -0.000700112
         16.8502     -0.000422989
         16.8702      0.000186078
         16.8902        0.0011003
         16.9102       0.00218566
         16.9302       0.00324527
         16.9502       0.00408459
         16.9702       0.00457727
         16.9902       0.00470853
         17.0102       0.00458353
         17.0302       0.00439589
         17.0502       0.00436708
         17.0702       0.00467568
         17.0902       0.00539942
         17.1102       0.00648901
         17.1302        0.0077823
         17.1502       0.00905555
         17.1702        0.0100933
         17.1902        0.0107575
         17.2102        0.0110312
         17.2302         0.011024
         17.2502        0.0109364
         17.2702        0.0109951
         17.2902        0.0113788
         17.3102        0.0121598
         17.3302        0.0132785
         17.3502        0.0145603
         17.3702        0.0157687
         17.3902        0.0166784
         17.4102        0.0171449
         17.4302        0.0171481
         17.4502        0.0167967
         17.4702        0.0162918
         17.4902        0.0158613
         17.5102        0.0156873
         17.5302        0.0158476
         17.5502        0.0162925
         17.5702        0.0168622
         17.5902        0.0173409
         17.6102        0.0175286
         17.6302        0.0173094
         17.6502        0.0166927
         17.6702        0.0158173
         17.6902        0.0149106
         17.7102        0.0142234
         17.7302        0.0139539
         17.7502         0.014187
         17.7702        0.0148679
         17.7902        0.0158154
         17.8102        0.0167728
         17.8302          0.01748
         17.8502         0.017745
         17.8702        0.0174942
         17.8902        0.0167884
         17.9102        0.0158005
         17.9302        0.0147635
         17.9502        0.0139058
         17.9702        0.0133925
         17.9902        0.0132889
         18.0102        0.0135535
         18.0302        0.0140618
         18.0502        0.0146473
         18.0702        0.0151475
         18.0902        0.0154412
         18.1102        0.0154652
         18.1302        0.0152125
         18.1502        0.0147131
         18.1702        0.0140103
         18.1902        0.0131415
         18.2102        0.0121303
         18.2302         0.010993
         18.2502       0.00975209
         18.2702       0.00845142
         18.2902       0.00716149
         18.3102       0.00597284
         18.3302       0.00497512
         18.3502       0.00422948
         18.3702       0.00374363
         18.3902       0.00346046
         18.4102       0.00326526
         18.4302       0.00301262
         18.4502       0.00256578
         18.4702        0.0018372
         18.4902      0.000816759
         18.5102     -0.000421603
         18.5302      -0.00173946
         18.5502      -0.00296944
         18.5702      -0.00396732
         18.5902      -0.00465139
         18.6102      -0.00502642
         18.6302      -0.00518098
         18.6502      -0.00525972
         18.6702      -0.00541935
         18.6902      -0.00578258
         18.7102      -0.00640415
         18.7302      -0.00726035
         18.7502      -0.00826309
         18.7702      -0.00929505
         18.7902        -0.010252
         18.8102       -0.0110792
         18.8302       -0.0117871
         18.8502       -0.0124448
         18.8702       -0.0131492
         18.8902       -0.0139854
         18.9102       -0.0149873
         18.9302       -0.0161175
         18.9502       -0.0172696
         18.9703       -0.0182986
         18.9902       -0.0190617
         19.0102       -0.0194688
         19.0302       -0.0195132
         19.0502       -0.0192796
         19.0703       -0.0189245
         19.0903       -0.0186326
         19.1103       -0.0185643
         19.1303       -0.0188093
         19.1502       -0.0193614
         19.1702       -0.0201222
         19.1902       -0.0209315
         19.2102       -0.0216162
         19.2303       -0.0220405
         19.2503       -0.0221434
         19.2703       -0.0219501
         19.2903       -0.0215573
         19.3102       -0.0210962
         19.3302       -0.0206862
         19.3502       -0.0203966
         19.3702       -0.0202268
         19.3903       -0.0201122
         19.4103       -0.0199534
         19.4303       -0.0196568
         19.4503       -0.0191727
         19.4703       -0.0185181
         19.4903       -0.0177746
         19.5103       -0.0170616
         19.5303       -0.0164962
         19.5503       -0.0161495
         19.5703       -0.0160183
         19.5903       -0.0160201
         19.6103       -0.0160154
         19.6303       -0.0158511
         19.6503       -0.0154099
         19.6703       -0.0146517
         19.6903       -0.0136308
         19.7103       -0.0124842
         19.7303       -0.0113925
         19.7503        -0.010525
         19.7703      -0.00998659
         19.7903      -0.00978237
         19.8103       -0.0098115
         19.8303      -0.00989303
         19.8503      -0.00981625
         19.8703      -0.00940092
         19.8903       -0.0085484
         19.9103      -0.00726975
         19.9303      -0.00568207
         19.9503      -0.00397383
         19.9703      -0.00235279
         19.9903      -0.00098889
         20.0103      2.83185e-05
         20.0303      0.000707311
         20.0503       0.00114181
         20.0703       0.00147494
         20.0903       0.00185102
         20.1103       0.00237154
         20.1303       0.00306789
         20.1503       0.00389925
         20.1703       0.00477417
         20.1903       0.00558793
         20.2103       0.00626262
         20.2303       0.00677623
         20.2503        0.0071723
         20.2703       0.00754691
         20.2903       0.00801714
         20.3103       0.00868417
         20.3303       0.00959901
         20.3503        0.0107452
         20.3703        0.0120413
         20.3903         0.013364
         20.4103        0.0145809
         20.4303        0.0155864
         20.4503        0.0163282
         20.4703        0.0168165
         20.4903         0.017116
         20.5103        0.0173232
         20.5303        0.0175367
         20.5503         0.017831
         20.5703        0.0182386
         20.5903         0.018747
         20.6103        0.0193068
         20.6303          0.01985
         20.6503        0.0203086
         20.6703        0.0206303
         20.6903        0.0207874
         20.7103        0.0207772
         20.7303        0.0206165
         20.7503        0.0203347
         20.7703        0.0199664
         20.7903        0.0195473
         20.8103        0.0191117
         20.8303        0.0186912
         20.8503        0.0183116
         20.8703        0.0179884
         20.8903        0.0177205
         20.9103         0.017486
         20.9303        0.0172424
         20.9503        0.0169342
         20.9703        0.0165066
         20.9903         0.015923
         21.0103        0.0151818
         21.0303        0.0143242
         21.0503        0.0134297
         21.0703        0.0125974
         21.0903        0.0119183
         21.1103        0.0114442
         21.1303        0.0111652
         21.1503        0.0110031
         21.1703        0.0108272
         21.1903        0.0104878
         21.2103       0.00986161
         21.2303       0.00889479
         21.2503        0.0076289
         21.2703       0.00620014
         21.2903       0.00481036
         21.3103       0.00367348
         21.3303       0.00295378
         21.3503       0.00271291
         21.3703       0.00288395
         21.3903       0.00328107
         21.4103       0.00364571
         21.4303       0.00371771
         21.4503       0.00331103
         21.4703       0.00237243
         21.4903        0.0010041
         21.5103     -0.000559123
         21.5303       -0.0020115
         21.5503      -0.00306332
         21.5703       -0.0035264
         21.5903      -0.00337368
         21.6103      -0.00275455
         21.6303      -0.00195898
         21.6503       -0.0013398
         21.6703      -0.00121448
         21.6903       -0.0017741
         21.7103      -0.00302588
         21.7303      -0.00478638
         21.7503      -0.00672815
         21.7703      -0.00846685
         21.7903      -0.00966534
         21.8103       -0.0101231
         21.8303      -0.00982855
         21.8503      -0.00895834
         21.8703      -0.00782405
         21.8903      -0.00678425
         21.9103       -0.0061455
         21.9303      -0.00608165
         21.9503      -0.00659358
         21.9703       -0.0075194
         21.9903      -0.00858974
         22.0103      -0.00951088
         22.0303        -0.010051
         22.0503        -0.010102
         22.0703       -0.0097048
         22.0903      -0.00902727
         22.1103      -0.00830712
         22.1303       -0.0077777
         22.1503      -0.00759969
         22.1703      -0.00781808
         22.1903      -0.00835653
         22.2103      -0.00904847
         22.2303      -0.00969239
         22.2503       -0.0101144
         22.2703       -0.0102175
         22.2903       -0.0100033
         22.3103      -0.00956182
         22.3303       -0.0090341
         22.3503      -0.00856173
         22.3703      -0.00823981
         22.3903      -0.00808856
         22.4103      -0.00805229
         22.4303      -0.00802379
         22.4503        -0.007886
         22.4703      -0.00755632
         22.4903       -0.0070176
         22.5103       -0.0063276
         22.5303      -0.00560246
         22.5503      -0.00498056
         22.5703       -0.0045782
         22.5903      -0.00445192
         22.6103      -0.00457845
         22.6303      -0.00485886
         22.6503      -0.00514592
         22.6703      -0.00528505
         22.6903      -0.00515773
         22.7103      -0.00471383
         22.7303      -0.00398424
         22.7503      -0.00307119
         22.7703      -0.00211984
         22.7903      -0.00128022
         22.8103     -0.000670732
         22.8303     -0.000352556
         22.8503     -0.000321294
         22.8703     -0.000515337
         22.8903     -0.000837118
         22.9103      -0.00117869
         22.9303      -0.00144616
         22.9503      -0.00157401
         22.9703      -0.00152987
         22.9903      -0.00131006
         23.0103     -0.000930313
         23.0303     -0.000416559
         23.0503      0.000200901
         23.0703      0.000888566
         23.0903       0.00160796
         23.1103        0.0023131
         23.1303       0.00295163
         23.1503       0.00347036
         23.1703       0.00382553
         23.1903       0.00399391
         23.2103       0.00398173
         23.2303       0.00382665
         23.2503       0.00359131
         23.2703       0.00334885
         23.2903       0.00316431
         23.3103       0.00307693
         23.3303       0.00308947
         23.3503       0.00316755
         23.3703       0.00325049
         23.3904       0.00327007
         23.4104       0.00317239
         23.4304        0.0029361
         23.4504       0.00258144
         23.4703       0.00216759
         23.4903       0.00177887
         23.5103       0.00150397
         23.5303       0.00141367
         23.5504       0.00154392
         23.5704       0.00188755
         23.5904       0.00239685
         23.6104       0.00299517
         23.6303         0.003593
         23.6503       0.00410481
         23.6703       0.00446175
         23.6903       0.00461869
         23.7103       0.00455549
         23.7304       0.00427488
         23.7504       0.00379942
         23.7704       0.00316932
         23.7904       0.00244357
         23.8104       0.00169773
         23.8304       0.00102317
         23.8504      0.000519039
         23.8704      0.000279186
         23.8904      0.000374036
         23.9104       0.00083183
         23.9304       0.00162418
         23.9504       0.00266155
         23.9704       0.00380267
         23.9904       0.00487621
         24.0104       0.00571316
         24.0304       0.00618087
         24.0504       0.00621137
         24.0704       0.00581529
         24.0904       0.00507828
         24.1104        0.0041395
         24.1304       0.00315738
         24.1504       0.00227267
         24.1704       0.00157698
         24.1904       0.00109631
         24.2104       0.00079294
         24.2304      0.000585918
         24.2504      0.000381248
         24.2704      0.000106034
         24.2904     -0.000265897
         24.3104     -0.000703126
         24.3304      -0.00112418
         24.3504      -0.00142047
         24.3704      -0.00148895
         24.3904      -0.00126435
         24.4104     -0.000742253
         24.4304      1.33911e-05
         24.4504      0.000880499
         24.4704       0.00170401
         24.4904       0.00232966
         24.5104       0.00263645
         24.5304       0.00256161
         24.5504       0.00211103
         24.5704       0.00135388
         24.5904      0.000404189
         24.6104     -0.000605802
         24.6304      -0.00155308
         24.6504      -0.00234654
         24.6704      -0.00293712
         24.6904      -0.00332107
         24.7104      -0.00352858
         24.7304      -0.00360849
         24.7504      -0.00361074
         24.7704      -0.00357204
         24.7904      -0.00350791
         24.8104      -0.00341258
         24.8304      -0.00326586
         24.8504       -0.0030447
         24.8704      -0.00273611
         24.8904      -0.00234742
         24.9104      -0.00191108
         24.9304      -0.00148187
         24.9504      -0.00112748
         24.9704      -0.00091298
         24.9904     -0.000883757
         25.0104      -0.00105057
         25.0304      -0.00138163
         25.0504      -0.00180427
         25.0704      -0.00221767
         25.0904       -0.0025148
         25.1104      -0.00260829
         25.1304      -0.00245593
         25.1504      -0.00207585
         25.1704      -0.00154831
         25.1904      -0.00100047
         25.2104     -0.000577163
         25.2304     -0.000403008
         25.2504     -0.000546148
         25.2704     -0.000993707
         25.2904      -0.00164704
         25.3104      -0.00234027
         25.3304      -0.00287934
         25.3504      -0.00309255
         25.3704      -0.00287931
         25.3904      -0.00224329
         25.4104      -0.00129931
         25.4304     -0.000250067
         25.4504      0.000663916
         25.4704        0.0012269
         25.4904       0.00130887
         25.5104      0.000905182
         25.5304      0.000145382
         25.5504     -0.000737716
         25.5704      -0.00146606
         25.5904      -0.00179086
         25.6104      -0.00156123
         25.6304     -0.000767652
         25.6504       0.00045236
         25.6704       0.00184952
         25.6904       0.00312949
         25.7104       0.00403378
         25.7304       0.00440973
         25.7504       0.00425223
         25.7704       0.00370286
         25.7904       0.00300664
         25.8104       0.00243943
         25.8304       0.00222606
         25.8504       0.00247352
         25.8704       0.00313923
         25.8904       0.00404409
         25.9104       0.00492579
         25.9304       0.00551869
         25.9504       0.00563502
         25.9704       0.00522466
         25.9904        0.0043946
         26.0104       0.00338228
         26.0304       0.00249039
         26.0504       0.00200188
         26.0704       0.00209974
         26.0904       0.00281547
         26.1104       0.00402011
         26.1304       0.00546079
         26.1504       0.00683212
         26.1704        0.0078597
         26.1904       0.00837352
         26.2104       0.00834905
         26.2304       0.00790535
         26.2504       0.00726225
         26.2704       0.00667077
         26.2904        0.0063378
         26.3104       0.00636801
         26.3304       0.00673917
         26.3504       0.00731695
         26.3704       0.00790272
         26.3904       0.00829877
         26.4104       0.00836894
         26.4304       0.00807841
         26.4504       0.00749821
         26.4704       0.00677696
         26.4904       0.00608906
         26.5104       0.00557683
         26.5304        0.0053064
         26.5504       0.00524963
         26.5704       0.00529859
         26.5904       0.00530644
         26.6104       0.00514086
         26.6304       0.00473205
         26.6504       0.00409953
         26.6704       0.00334841
         26.6904       0.00263687
         26.7104       0.00212454
         26.7304       0.00191855
         26.7504       0.00203499
         26.7704         0.002388
         26.7904       0.00281069
         26.8104       0.00310159
         26.8304       0.00308312
         26.8504       0.00265357
         26.8704       0.00181772
         26.8904      0.000685783
         26.9104     -0.000557948
         26.9304      -0.00170756
         26.9504      -0.00259362
         26.9704      -0.00312826
         26.9904      -0.00332615
         27.0104      -0.00329426
         27.0304      -0.00319487
         27.0504      -0.00319342
         27.0704      -0.00340729
         27.0904      -0.00387047
         27.1104       -0.0045246
         27.1304      -0.00523747
         27.1504      -0.00584357
         27.1704      -0.00619387
         27.1904       -0.0062002
         27.2104      -0.00586135
         27.2304      -0.00526484
         27.2504      -0.00456422
         27.2704        -0.003939
         27.2904      -0.00355113
         27.3104      -0.00350466
         27.3304      -0.00382527
         27.3504      -0.00445846
         27.3704       -0.0052876
         27.3904      -0.00616374
         27.4104      -0.00693991
         27.4304      -0.00750032
         27.4504      -0.00777903
         27.4704      -0.00776537
         27.4904      -0.00749768
         27.5104      -0.00704948
         27.5304      -0.00651235
         27.5504      -0.00597941
         27.5704      -0.00553241
         27.5904      -0.00523235
         27.6104      -0.00511349
         27.6304      -0.00518046
         27.6504      -0.00540807
         27.6704      -0.00574467
         27.6904      -0.00611992
         27.7105      -0.00645734
         27.7305      -0.00668927
         27.7505      -0.00677448
         27.7705      -0.00671004
         27.7904      -0.00653603
         27.8104      -0.00632886
         27.8304      -0.00618365
         27.8504       -0.0061884
         27.8705      -0.00639678
         27.8905      -0.00680735
         27.9105      -0.00735558
         27.9305      -0.00792344
         27.9505      -0.00836467
         27.9704      -0.00854053
         27.9904      -0.00835633
         28.0104      -0.00778808
         28.0304       -0.0068918
         28.0505      -0.00579164
         28.0705      -0.00464894
         28.0905      -0.00362207
         28.1105      -0.00282658
         28.1305      -0.00230823
         28.1505      -0.00203729
         28.1705      -0.00192242
         28.1905      -0.00184471
         28.2105      -0.00169666
         28.2305      -0.00141625
         28.2505      -0.00100477
         28.2705     -0.000523312
         28.2905     -6.86721e-05
         28.3105      0.000262874
         28.3305      0.000412347
         28.3505      0.000382561
         28.3705      0.000242344
         28.3905      0.000107854
         28.4105      0.000106386
         28.4305      0.000334312
         28.4505      0.000821961
         28.4705       0.00151804
         28.4905        0.0022991
         28.5105       0.00300313
         28.5305       0.00347688
         28.5505       0.00362432
         28.5705       0.00344013
         28.5905         0.003019
         28.6105       0.00253447
         28.6305       0.00219536
         28.6505       0.00218974
         28.6705        0.0026331
         28.6905       0.00353578
         28.7105       0.00479809
         28.7305       0.00623542
         28.7505       0.00762527
         28.7705       0.00876354
         28.7905       0.00951259
         28.8105        0.0098297
         28.8305       0.00976818
         28.8505       0.00945153
         28.8705       0.00903115
         28.8905       0.00863963
         28.9105       0.00835468
         28.9305        0.0081832
         28.9505       0.00806995
         28.9705       0.00792572
         28.9905       0.00766557
         29.0105       0.00724394
         29.0305       0.00667679
         29.0505       0.00604033
         29.0705       0.00545194
         29.0905       0.00503586
         29.1105       0.00488649
         29.1305       0.00504033
         29.1505       0.00546527
         29.1705       0.00606983
         29.1905       0.00672936
         29.2105       0.00732038
         29.2305       0.00775206
         29.2505        0.0079861
         29.2705       0.00803909
         29.2905        0.0079679
         29.3105       0.00784409
         29.3305       0.00772618
         29.3505       0.00763945
         29.3705       0.00756937
         29.3905       0.00747087
         29.4105       0.00728897
         29.4305       0.00698383
         29.4505       0.00655003
         29.4705       0.00602567
         29.4905        0.0054824
         29.5105       0.00500556
         29.5305       0.00466587
         29.5505       0.00449443
         29.5705       0.00446892
         29.5905       0.00451649
         29.6105       0.00453318
         29.6305       0.00441476
         29.6505       0.00408964
         29.6705       0.00354382
         29.6905       0.00282979
         29.7105       0.00205624
         29.7305       0.00136015
         29.7505      0.000870631
         29.7705       0.00067282
         29.7905      0.000783764
         29.8105       0.00114679
         29.8305       0.00164616
         29.8505       0.00213775
         29.8705       0.00248727
         29.8905       0.00260501
         29.9105       0.00246723
         29.9305       0.00211928
         29.9505       0.00165849
         29.9705       0.00120363
         29.9905      0.000859246
         30.0105       0.00068511
         30.0305      0.000679774
         30.0505      0.000781876
         30.0705      0.000888946
         30.0905      0.000887546
         30.1105      0.000686056
         30.1305      0.000240946
         30.1505     -0.000430599
         30.1705      -0.00125517
         30.1905      -0.00212195
         30.2105       -0.0029115
         30.2305      -0.00352544
         30.2505      -0.00390966
         30.2705      -0.00406449
         30.2905      -0.00404084
         30.3105      -0.00392345
         30.3305      -0.00380649
         30.3505       -0.0037689
         30.3705      -0.00385504
         30.3905      -0.00406638
         30.4105      -0.00436469
         30.4305      -0.00468575
         30.4505      -0.00495873
         30.4705      -0.00512634
         30.4905      -0.00516021
         30.5105      -0.00506818
         30.5305      -0.00489179
         30.5505      -0.00469572
         30.5705      -0.00455147
         30.5905      -0.00451971
         30.6105      -0.00463535
         30.6305      -0.00489847
         30.6505      -0.00527282
         30.6705      -0.00569219
         30.6905      -0.00607334
         30.7105      -0.00633252
         30.7305      -0.00640323
         30.7505      -0.00625113
         30.7705      -0.00588328
         30.7905      -0.00535087
         30.8105      -0.00474148
         30.8305      -0.00416467
         30.8505      -0.00373124
         30.8705      -0.00352945
         30.8905      -0.00360425
         30.9105      -0.00394218
         30.9305      -0.00446766
         30.9505      -0.00505212
         30.9705      -0.00553551
         30.9905      -0.00575753
         31.0105      -0.00559237
         31.0305      -0.00497989
         31.0505      -0.00394518
         31.0705      -0.00260219
         31.0905      -0.00113745
         31.1105      0.000223057
         31.1305       0.00125899
         31.1505       0.00180155
         31.1705       0.00177238
         31.1905       0.00120405
         31.2105      0.000239215
         31.2305     -0.000897489
         31.2505       -0.0019432
         31.2705      -0.00265193
         31.2905      -0.00284671
         31.3105      -0.00245773
         31.3305      -0.00153744
         31.3505     -0.000249403
         31.3705       0.00116688
         31.3905       0.00244788
         31.4105       0.00336077
         31.4305       0.00375168
         31.4505       0.00357466
         31.4705       0.00289651
         31.4905       0.00187738
         31.5105      0.000732438
         31.5305     -0.000315525
         31.5505      -0.00108162
         31.5705      -0.00145264
         31.5905      -0.00140194
         31.6105     -0.000984907
         31.6305      -0.00031708
         31.6505      0.000455997
         31.6705       0.00119429
         31.6905       0.00178866
         31.7105       0.00217743
         31.7305       0.00234928
         31.7505       0.00233543
         31.7705        0.0021946
         31.7905       0.00199655
         31.8105       0.00180792
         31.8305       0.00168303
         31.8505       0.00165985
         31.8705       0.00175956
         31.8905       0.00198726
         31.9105        0.0023322
         31.9305       0.00276659
         31.9505       0.00324435
         31.9705       0.00370188
         31.9905       0.00406329
         32.0105       0.00425075
         32.0305        0.0042001
         32.0505       0.00387806
         32.0705       0.00329619
         32.0906       0.00251836
         32.1106       0.00165422
         32.1305      0.000842303
         32.1506      0.000222544
         32.1705     -9.49377e-05
         32.1906     -5.68478e-05
         32.2105      0.000317788
         32.2306      0.000939488
         32.2505       0.00166723
         32.2706       0.00234189
         32.2906       0.00282528
         32.3105       0.00303504
         32.3306        0.0029658
         32.3505       0.00269038
         32.3706       0.00234052
         32.3905       0.00207088
         32.4106       0.00201733
         32.4305       0.00225878
         32.4505       0.00279446
         32.4706       0.00354228
         32.4905         0.004359
         32.5106       0.00507705
         32.5306       0.00554658
         32.5506       0.00567506
         32.5706       0.00544859
         32.5906       0.00493352
         32.6106       0.00425667
         32.6306        0.0035704
         32.6506       0.00301253
         32.6706       0.00267164
         32.6906       0.00256854
         32.7106       0.00265598
         32.7306       0.00283746
         32.7506        0.0029981
         32.7706       0.00303823
         32.7906           0.0029
         32.8106       0.00258007
         32.8306        0.0021252
         32.8506       0.00161438
         32.8706       0.00113267
         32.8906       0.00074627
         32.9106      0.000486012
         32.9306      0.000344046
         32.9506      0.000283763
         32.9706      0.000258843
         32.9906       0.00023434
         33.0106      0.000202501
         33.0306       0.00018746
         33.0506      0.000237134
         33.0706      0.000404597
         33.0906      0.000724966
         33.1106       0.00119564
         33.1306       0.00176596
         33.1506       0.00234141
         33.1706       0.00280148
         33.1906       0.00302727
         33.2106       0.00293155
         33.2306       0.00248317
         33.2506       0.00171949
         33.2706      0.000742307
         33.2906     -0.000299629
         33.3106      -0.00124004
         33.3306      -0.00192749
         33.3506      -0.00225406
         33.3706      -0.00217415
         33.3906      -0.00170981
         33.4106     -0.000944248
         33.4306     -2.93226e-06
         33.4506      0.000969031
         33.4706       0.00183083
         33.4906       0.00246608
         33.5106        0.0027968
         33.5306       0.00279062
         33.5506       0.00246107
         33.5706       0.00186343
         33.5906       0.00108624
         33.6106      0.000240035
         33.6306     -0.000556123
         33.6506       -0.0011896
         33.6706      -0.00156946
         33.6906      -0.00164011
         33.7106        -0.001391
         33.7306     -0.000859803
         33.7506     -0.000127738
         33.7706      0.000693434
         33.7906       0.00148072
         33.8106       0.00212218
         33.8306       0.00253624
         33.8506       0.00268673
         33.8706       0.00258574
         33.8906       0.00228703
         33.9106       0.00187036
         33.9306       0.00142109
         33.9506       0.00101039
         33.9706      0.000680636
         33.9906      0.000440602
         34.0106      0.000269393
         34.0306      0.000128518
         34.0506     -2.24778e-05
         34.0706     -0.000211798
         34.0906     -0.000446498
         34.1106     -0.000711444
         34.1306     -0.000975685
         34.1506      -0.00120401
         34.1706        -0.001369
         34.1906       -0.0014606
         34.2106      -0.00148936
         34.2306      -0.00148304
         34.2506      -0.00147769
         34.2706      -0.00150614
         34.2906      -0.00158763
         34.3106      -0.00172137
         34.3306       -0.0018859
         34.3506      -0.00204382
         34.3706      -0.00215017
         34.3906      -0.00216199
         34.4106      -0.00204656
         34.4306      -0.00178673
         34.4506      -0.00138316
         34.4706     -0.000854116
         34.4906      -0.00023385
         34.5106      0.000429172
         34.5306       0.00107452
         34.5506       0.00163294
         34.5706       0.00203251
         34.5906       0.00220705
         34.6106       0.00210911
         34.6306       0.00172384
         34.6506       0.00108107
         34.6706      0.000261329
         34.6906     -0.000608335
         34.7106      -0.00136867
         34.7306      -0.00185657
         34.7506      -0.00193604
         34.7706      -0.00153018
         34.7906     -0.000643858
         34.8106      0.000628908
         34.8306       0.00211632
         34.8506       0.00359933
         34.8706       0.00485131
         34.8906       0.00568338
         34.9106       0.00598088
         34.9306        0.0057241
         34.9506       0.00498793
         34.9706       0.00392104
         34.9906       0.00271062
         35.0106       0.00154011
         35.0306      0.000554033
         35.0506     -0.000166536
         35.0706     -0.000609722
         35.0906     -0.000821626
         35.1106      -0.00088299
         35.1306     -0.000881497
         35.1506     -0.000887916
         35.1706     -0.000942145
         35.1906      -0.00105169
         35.2106      -0.00120073
         35.2306      -0.00136504
         35.2506       -0.0015263
         35.2706      -0.00168068
         35.2906      -0.00183891
         35.3106      -0.00201813
         35.3306      -0.00222982
         35.3506      -0.00246868
         35.3706      -0.00270724
         35.3906      -0.00289924
         35.4106      -0.00299113
         35.4306      -0.00293817
         35.4506      -0.00272009
         35.4706      -0.00235063
         35.4906      -0.00187776
         35.5106      -0.00137389
         35.5306     -0.000919341
         35.5506     -0.000583676
         35.5706      -0.00041138
         35.5906     -0.000415903
         35.6106     -0.000583149
         35.6306     -0.000883668
         35.6506      -0.00128758
         35.6706      -0.00177705
         35.6906      -0.00235112
         35.7106      -0.00302057
         35.7306      -0.00379506
         35.7506      -0.00466524
         35.7706      -0.00558915
         35.7906      -0.00648709
         35.8106      -0.00724932
         35.8306      -0.00775637
         35.8506      -0.00790702
         35.8706      -0.00764662
         35.8906      -0.00698661
         35.9106      -0.00600967
         35.9306      -0.00485649
         35.9506      -0.00369727
         35.9706      -0.00269436
         35.9906      -0.00196588
         36.0106      -0.00155987
         36.0306      -0.00144645
         36.0506      -0.00152856
         36.0706      -0.00167108
         36.0906        -0.001738
         36.1106      -0.00162904
         36.1306      -0.00130577
         36.1506      -0.00080038
         36.1706     -0.000206059
         36.1906       0.00034893
         36.2106      0.000735696
         36.2306       0.00085873
         36.2506      0.000681094
         36.2706      0.000234792
         36.2906     -0.000385524
         36.3106      -0.00104309
         36.3306      -0.00158922
         36.3506      -0.00189398
         36.3706      -0.00187315
         36.3906      -0.00150431
         36.4106     -0.000830028
         36.4306      5.17195e-05
         36.4507       0.00100781
         36.4706       0.00189466
         36.4907       0.00258793
         36.5106       0.00300497
         36.5307       0.00312118
         36.5506       0.00297515
         36.5707       0.00266135
         36.5906       0.00231043
         36.6106         0.002061
         36.6307        0.0020265
         36.6506       0.00226478
         36.6707       0.00275729
         36.6906       0.00340423
         36.7107       0.00403896
         36.7306       0.00446101
         36.7507       0.00448195
         36.7707       0.00397443
         36.7906       0.00291225
         36.8107       0.00139087
         36.8306     -0.000379835
         36.8507      -0.00211104
         36.8707      -0.00349284
         36.8907      -0.00425935
         36.9107      -0.00425195
         36.9307      -0.00345499
         36.9507      -0.00200163
         36.9707     -0.000144075
         36.9907       0.00180411
         37.0107       0.00353902
         37.0307       0.00483381
         37.0507       0.00558062
         37.0707       0.00580255
         37.0907       0.00562888
         37.1107       0.00524395
         37.1307       0.00482554
         37.1507       0.00449137
         37.1707       0.00427004
         37.1907       0.00410461
         37.2107       0.00388678
         37.2307       0.00350949
         37.2507       0.00291998
         37.2707       0.00215435
         37.2907        0.0013408
         37.3107       0.00066801
         37.3307      0.000328508
         37.3507      0.000450843
         37.3707       0.00104763
         37.3907       0.00199393
         37.4107       0.00304779
         37.4307       0.00390935
         37.4507         0.004304
         37.4707       0.00406531
         37.4907       0.00319251
         37.5107       0.00186449
         37.5307      0.000402657
         37.5507     -0.000809056
         37.5707      -0.00142556
         37.5907      -0.00123542
         37.6107     -0.000221874
         37.6307       0.00142952
         37.6507       0.00337678
         37.6707       0.00521206
         37.6907        0.0065694
         37.7107       0.00721986
         37.7307        0.0071268
         37.7507       0.00644571
         37.7707       0.00547119
         37.7907       0.00454306
         37.8107       0.00394488
         37.8307       0.00382144
         37.8507       0.00414083
         37.8707       0.00471101
         37.8907       0.00524532
         37.9107       0.00545659
         37.9307       0.00514951
         37.9507       0.00428518
         37.9707       0.00299653
         37.9907       0.00155103
         38.0107      0.000272016
         38.0307     -0.000557151
         38.0507     -0.000777208
         38.0707     -0.000399768
         38.0907       0.00039707
         38.1107       0.00132191
         38.1307       0.00205646
         38.1507       0.00234841
         38.1707       0.00208292
         38.1907       0.00131169
         38.2107      0.000233393
         38.2307     -0.000871979
         38.2507      -0.00172853
         38.2707      -0.00214751
         38.2907      -0.00208137
         38.3107      -0.00163389
         38.3307      -0.00102437
         38.3507     -0.000517449
         38.3707      -0.00034236
         38.3907     -0.000624284
         38.4107      -0.00134963
         38.4307      -0.00237427
         38.4507       -0.0034705
         38.4707      -0.00439739
         38.4907        -0.004972
         38.5107      -0.00511998
         38.5307      -0.00489013
         38.5507      -0.00443147
         38.5707      -0.00394025
         38.5907      -0.00359546
         38.6107      -0.00350332
         38.6307      -0.00366795
         38.6507      -0.00399599
         38.6707        -0.004333
         38.6907      -0.00451771
         38.7107      -0.00443641
         38.7307      -0.00405951
         38.7507       -0.0034493
         38.7707      -0.00273701
         38.7907      -0.00207723
         38.8107      -0.00159719
         38.8307       -0.0013554
         38.8507      -0.00132533
         38.8707      -0.00140848
         38.8907      -0.00147219
         38.9107      -0.00139938
         38.9307      -0.00113347
         38.9507     -0.000702616
         38.9707     -0.000215727
         38.9907      0.000170108
         39.0107      0.000299923
         39.0307      7.33192e-05
         39.0507     -0.000518304
         39.0707      -0.00138221
         39.0907      -0.00234434
         39.1107       -0.0031983
         39.1307      -0.00376229
         39.1507      -0.00393142
         39.1707      -0.00370757
         39.1907      -0.00319813
         39.2107       -0.0025831
         39.2307      -0.00206223
         39.2507      -0.00179584
         39.2707      -0.00185856
         39.2907      -0.00221886
         39.3107      -0.00275025
         39.3307       -0.0032703
         39.3507      -0.00359526
         39.3707       -0.0035943
         39.3907      -0.00322693
         39.4107      -0.00255365
         39.4307      -0.00171749
         39.4507     -0.000902492
         39.4707     -0.000282371
         39.4907        2.552e-05
         39.5107     -1.22913e-05
         39.5307     -0.000342174
         39.5507     -0.000845979
         39.5707       -0.0013793
         39.5907       -0.0018141
         39.6107      -0.00207262
         39.6307      -0.00214329
         39.6507      -0.00207509
         39.6707      -0.00195383
         39.6907      -0.00186908
         39.7107      -0.00188238
         39.7307      -0.00200685
         39.7507       -0.0022037
         39.7707      -0.00239593
         39.7907      -0.00249396
         39.8107       -0.0024247
         39.8307      -0.00215476
         39.8507      -0.00170122
         39.8707      -0.00112694
         39.8907     -0.000522863
         39.9107      1.71937e-05
         39.9307      0.000421321
         39.9507      0.000656194
         39.9707      0.000733474
         39.9907      0.000702051
         40.0107      0.000631769
         40.0307      0.000592899
         40.0507      0.000637598
         40.0707      0.000788042
         40.0907        0.0010338
         40.1107       0.00133742
         40.1307       0.00164611
         40.1507       0.00190523
         40.1707       0.00206994
         40.1907       0.00211271
         40.2107       0.00202576
         40.2307       0.00181947
         40.2507       0.00151815
         40.2707       0.00115553
         40.2907      0.000770606
         40.3107      0.000404529
         40.3307      9.79222e-05
         40.3507     -0.000111986
         40.3707     -0.000194944
         40.3907     -0.000131718
         40.4107      8.19289e-05
         40.4307      0.000433203
         40.4507      0.000892667
         40.4707       0.00141781
         40.4907       0.00195926
         40.5107       0.00246817
         40.5307       0.00290358
         40.5507       0.00323657
         40.5707       0.00345249
         40.5907       0.00354972
         40.6107       0.00353679
         40.6307       0.00342932
         40.6507       0.00324792
         40.6707       0.00301794
         40.6907       0.00276999
         40.7107       0.00254048
         40.7307       0.00236966
         40.7507       0.00229646
         40.7707       0.00235005
         40.7907       0.00253965
         40.8107       0.00284595
         40.8308       0.00321651
         40.8507       0.00356992
         40.8708       0.00380743
         40.8907       0.00383197
         40.9108       0.00357027
         40.9308       0.00299264
         40.9507        0.0021253
         40.9708       0.00105008
         40.9907     -0.000106882
         41.0108      -0.00119862
         41.0307      -0.00208541
         41.0508       -0.0026619
         41.0707      -0.00287651
         41.0907       -0.0027389
         41.1108      -0.00231424
         41.1307      -0.00170609
         41.1508      -0.00103382
         41.1707     -0.000409103
         41.1908      8.21135e-05
         41.2107      0.000389375
         41.2308      0.000498552
         41.2508      0.000425813
         41.2708      0.000208543
         41.2908     -0.000103795
         41.3108     -0.000455951
         41.3308      -0.00079032
         41.3508      -0.00104899
         41.3708      -0.00117692
         41.3908      -0.00112822
         41.4108       -0.0008758
         41.4308      -0.00042265
         41.4508      0.000189367
         41.4708      0.000877651
         41.4908       0.00152749
         41.5108       0.00201197
         41.5308       0.00222004
         41.5508       0.00208669
         41.5708       0.00161628
         41.5908      0.000891782
         41.6108      6.45273e-05
         41.6308     -0.000675174
         41.6508      -0.00114099
         41.6708      -0.00119673
         41.6908     -0.000793339
         41.7108      1.27671e-05
         41.7308       0.00106895
         41.7508       0.00215934
         41.7708       0.00305586
         41.7908       0.00357366
         41.8108       0.00361657
         41.8308        0.0031999
         41.8508       0.00244423
         41.8708       0.00154162
         41.8908      0.000702697
         41.9108      9.93184e-05
         41.9308      -0.00018191
         41.9508     -0.000162407
         41.9708      3.53786e-05
         41.9908      0.000222734
         42.0108      0.000197762
         42.0308     -0.000198131
         42.0508      -0.00103468
         42.0708      -0.00227062
         42.0908      -0.00376001
         42.1108      -0.00528449
         42.1308      -0.00660303
         42.1508      -0.00750307
         42.1708      -0.00784733
         42.1908      -0.00759615
         42.2108      -0.00680909
         42.2308      -0.00562498
         42.2508      -0.00422823
         42.2708      -0.00280959
         42.2908      -0.00153496
         42.3108     -0.000522593
         42.3308      0.000164523
         42.3508      0.000515119
         42.3708      0.000558815
         42.3908      0.000353214
         42.4108     -2.75167e-05
         42.4308     -0.000501045
         42.4508     -0.000983803
         42.4708      -0.00139717
         42.4908      -0.00167642
         42.5108      -0.00178135
         42.5308      -0.00170656
         42.5508      -0.00148764
         42.5708      -0.00119924
         42.5908     -0.000941395
         42.6108      -0.00081639
         42.6308     -0.000899725
         42.6508      -0.00121317
         42.6708       -0.0017086
         42.6908      -0.00226932
         42.7108      -0.00273221
         42.7308      -0.00292548
         42.7508       -0.0027156
         42.7708      -0.00204916
         42.7908      -0.00097753
         42.8108      0.000344318
         42.8308       0.00168735
         42.8508       0.00280026
         42.8708       0.00347206
         42.8908       0.00358605
         42.9108       0.00315392
         42.9308       0.00231666
         42.9508        0.0013116
         42.9708      0.000413352
         42.9908     -0.000136485
         43.0108     -0.000191115
         43.0308      0.000262185
         43.0508       0.00110022
         43.0708       0.00209667
         43.0908       0.00298199
         43.1108       0.00351389
         43.1308       0.00353912
         43.1508       0.00302997
         43.1708       0.00208614
         43.1908      0.000902756
         43.2108     -0.000285867
         43.2308      -0.00126996
         43.2508      -0.00191744
         43.2708      -0.00220197
         43.2908      -0.00219903
         43.3108      -0.00205273
         43.3308      -0.00192442
         43.3508      -0.00193936
         43.3708      -0.00214738
         43.3908      -0.00250915
         43.4108      -0.00291159
         43.4308      -0.00320694
         43.4508      -0.00326254
         43.4708      -0.00300731
         43.4908      -0.00245821
         43.5108       -0.0017204
         43.5308      -0.00096001
         43.5508     -0.000357768
         43.5708       -5.707e-05
         43.5908     -0.000121808
         43.6108     -0.000516969
         43.6308      -0.00111673
         43.6508      -0.00173896
         43.6708      -0.00219576
         43.6908      -0.00234607
         43.7108      -0.00213539
         43.7308      -0.00161181
         43.7508     -0.000913333
         43.7708     -0.000231582
         43.7908      0.000239775
         43.8108        0.0003568
         43.8308      6.38546e-05
         43.8508     -0.000590909
         43.8708      -0.00146704
         43.8908      -0.00236459
         43.9108      -0.00307421
         43.9308      -0.00342513
         43.9508      -0.00332385
         43.9708      -0.00277278
         43.9908      -0.00186593
         44.0108     -0.000764209
         44.0308      0.000343641
         44.0508       0.00128113
         44.0708       0.00191975
         44.0908       0.00219965
         44.1108        0.0021333
         44.1308       0.00179305
         44.1508       0.00128735
         44.1708      0.000732918
         44.1908      0.000229078
         44.2108     -0.000158348
         44.2308      -0.00040315
         44.2508     -0.000513467
         44.2708     -0.000518897
         44.2908     -0.000454382
         44.3108     -0.000345846
         44.3308     -0.000201757
         44.3508     -1.18765e-05
         44.3708      0.000246102
         44.3908      0.000595151
         44.4108       0.00104615
         44.4308       0.00158782
         44.4508       0.00218336
         44.4708        0.0027738
         44.4908       0.00328977
         44.5108       0.00366735
         44.5308       0.00386477
         44.5508       0.00387476
         44.5708       0.00372909
         44.5908       0.00349291
         44.6108          0.00325
         44.6308       0.00308162
         44.6508       0.00304534
         44.6708        0.0031586
         44.6908       0.00339306
         44.7108        0.0036815
         44.7308       0.00393627
         44.7508       0.00407486
         44.7708       0.00404476
         44.7908       0.00384096
         44.8108        0.0035088
         44.8308       0.00313109
         44.8508       0.00280166
         44.8708       0.00259277
         44.8908       0.00252614
         44.9108       0.00255807
         44.9308       0.00258459
         44.9508       0.00246846
         44.9708       0.00208206
         44.9908       0.00135488
         45.0108      0.000311297
         45.0308     -0.000914595
         45.0508      -0.00209494
         45.0708      -0.00295589
         45.0908      -0.00324428
         45.1108       -0.0028014
         45.1308      -0.00162002
         45.1508      0.000131739
         45.1709       0.00213099
         45.1908       0.00395967
         45.2109       0.00520249
         45.2308       0.00554524
         45.2508       0.00485935
         45.2709       0.00324508
         45.2908       0.00102042
         45.3109        -0.001344
         45.3308      -0.00333236
         45.3509      -0.00450124
         45.3708      -0.00458675
         45.3909      -0.00356728
         45.4109      -0.00166817
         45.4308      0.000693714
         45.4509       0.00301128
         45.4708       0.00480854
         45.4909       0.00575076
         45.5108       0.00571651
         45.5309       0.00481224
         45.5508       0.00333139
         45.5709       0.00166795
         45.5909      0.000210891
         45.6109     -0.000752147
         45.6309      -0.00109505
         45.6509      -0.00086798
         45.6709     -0.000258933
         45.6909      0.000477615
         45.7109       0.00110478
         45.7309       0.00147422
         45.7509       0.00156364
         45.7709       0.00147175
         45.7909       0.00137436
         45.8109       0.00145747
         45.8309        0.0018488
         45.8509       0.00256971
         45.8709       0.00352204
         45.8909       0.00451338
         45.9109       0.00531216
         45.9309       0.00571597
         45.9509       0.00560972
         45.9709       0.00499913
         45.9909       0.00400738
         46.0109       0.00283793
         46.0309        0.0017153
         46.0509      0.000822159
         46.0709      0.000253719
         46.0909     -2.13453e-06
         46.1109     -4.74263e-05
         46.1309     -3.16242e-05
         46.1509     -9.64843e-05
         46.1709     -0.000326669
         46.1909     -0.000722046
         46.2109      -0.00120047
         46.2309      -0.00162842
         46.2509      -0.00187017
         46.2709      -0.00183796
         46.2909      -0.00152646
         46.3109      -0.00101987
         46.3309     -0.000468483
         46.3509     -4.21431e-05
         46.3709      0.000125411
         46.3909     -1.78179e-05
         46.4109     -0.000419857
         46.4309     -0.000935124
         46.4509      -0.00136455
         46.4709      -0.00151393
         46.4909      -0.00125285
         46.5109      -0.00055712
         46.5309      0.000480268
         46.5509       0.00167151
         46.5709       0.00278437
         46.5909       0.00360553
         46.6109        0.0039983
         46.6309       0.00393772
         46.6509       0.00351274
         46.6709       0.00289564
         46.6909       0.00228792
         46.7109       0.00185896
         46.7309       0.00169596
         46.7509        0.0017797
         46.7709       0.00199291
         46.7909       0.00215828
         46.8109       0.00209436
         46.8309       0.00167242
         46.8509       0.00085811
         46.8709     -0.000274427
         46.8909      -0.00155921
         46.9109      -0.00278043
         46.9309       -0.0037275
         46.9509       -0.0042457
         46.9709      -0.00427321
         46.9909      -0.00384881
         47.0109      -0.00309496
         47.0309      -0.00218094
         47.0509       -0.0012778
         47.0709     -0.000518664
         47.0909       2.6178e-05
         47.1109      0.000352157
         47.1309      0.000505944
         47.1509      0.000558074
         47.1709      0.000573633
         47.1909      0.000590105
         47.2109      0.000608481
         47.2309       0.00059898
         47.2509      0.000517535
         47.2709      0.000326381
         47.2909      1.12151e-05
         47.3109     -0.000410821
         47.3309     -0.000894509
         47.3509      -0.00137934
         47.3709      -0.00180715
         47.3909      -0.00213759
         47.4109      -0.00235852
         47.4309      -0.00248571
         47.4509      -0.00255463
         47.4709        -0.002607
         47.4909      -0.00267664
         47.5109      -0.00277931
         47.5309      -0.00290886
         47.5509      -0.00304039
         47.5709      -0.00313787
         47.5909      -0.00316365
         47.6109      -0.00308629
         47.6309      -0.00288516
         47.6509      -0.00255152
         47.6709      -0.00208743
         47.6909      -0.00150401
         47.7109      -0.00082153
         47.7309     -7.01366e-05
         47.7509      0.000709126
         47.7709        0.0014653
         47.7909       0.00214251
         47.8109       0.00268938
         47.8309       0.00307026
         47.8509       0.00327746
         47.8709       0.00333588
         47.8909       0.00329946
         47.9109       0.00323685
         47.9309       0.00320896
         47.9509       0.00324429
         47.9709       0.00332025
         47.9909       0.00335805
         48.0109       0.00323621
         48.0309       0.00282198
         48.0509       0.00201418
         48.0709      0.000786079
         48.0909      -0.00078493
         48.1109      -0.00251208
         48.1309      -0.00412597
         48.1509      -0.00532556
         48.1709      -0.00584934
         48.1909      -0.00554425
         48.2109      -0.00441566
         48.2309      -0.00264158
         48.2509     -0.000548846
         48.2709       0.00145668
         48.2909       0.00297708
         48.3109       0.00371529
         48.3309       0.00354677
         48.3509       0.00255165
         48.3709      0.000998442
         48.3909     -0.000719563
         48.4109      -0.00217521
         48.4309      -0.00300932
         48.4509      -0.00301385
         48.4709      -0.00217787
         48.4909     -0.000685375
         48.5109         0.001133
         48.5309       0.00288079
         48.5509        0.0041898
         48.5709       0.00479931
         48.5909       0.00460857
         48.6109       0.00368697
         48.6309       0.00224491
         48.6509      0.000575157
         48.6709      -0.00101854
         48.6909      -0.00228418
         48.7109       -0.0030699
         48.7309       -0.0033373
         48.7509      -0.00315003
         48.7709       -0.0026408
         48.7909      -0.00196892
         48.8109      -0.00128043
         48.8309     -0.000679154
         48.8509     -0.000214921
         48.8709      0.000114052
         48.8909      0.000347156
         48.9109      0.000542428
         48.9309      0.000757955
         48.9509       0.00103746
         48.9709       0.00140114
         48.9909       0.00184185
         49.0109       0.00232455
         49.0309       0.00278966
         49.0509       0.00315956
         49.0709       0.00334937
         49.0909        0.0032822
         49.1109       0.00290769
         49.1309       0.00222171
         49.1509       0.00127945
         49.1709      0.000199539
         49.1909     -0.000847389
         49.2109      -0.00166574
         49.2309      -0.00207434
         49.2509      -0.00195005
         49.2709      -0.00126445
         49.2909     -0.000103357
         49.3109       0.00133884
         49.3309       0.00279147
         49.3509       0.00396082
         49.3709       0.00459273
         49.3909       0.00452903
         49.4109       0.00374397
         49.4309       0.00234969
         49.4509      0.000571387
         49.4709      -0.00130416
         49.4909      -0.00299164
         49.5109      -0.00426598
         49.5309      -0.00500228
          49.551      -0.00518763
          49.571      -0.00490417
         49.5909      -0.00429113
          49.611      -0.00349761
         49.6309      -0.00264188
          49.651        -0.001788
         49.6709     -0.000944914
          49.691     -8.57605e-05
         49.7109      0.000822683
         49.7309       0.00178986
          49.751       0.00278485
         49.7709       0.00373695
          49.791       0.00455381
         49.8109       0.00514966
          49.831       0.00547285
         49.8509       0.00552208
          49.871        0.0053448
         49.8909       0.00501771
         49.9109       0.00461679
          49.931       0.00418751
         49.9509       0.00372761
          49.971          0.00319
          49.991       0.00250646
          50.011       0.00162655
          50.031      0.000554522
          50.051     -0.000625539
          50.071      -0.00175162
          50.091      -0.00261494
          50.111      -0.00301447
          50.131      -0.00282016
          50.151      -0.00202435
          50.171     -0.000764962
          50.191      0.000691822
          50.211       0.00200795
          50.231       0.00285625
          50.251        0.0030076
          50.271       0.00239775
          50.291       0.00115352
          50.311     -0.000432678
          50.331      -0.00197161
          50.351      -0.00307624
          50.371      -0.00346116
          50.391      -0.00301604
          50.411      -0.00183241
          50.431     -0.000175868
          50.451        0.0015845
          50.471       0.00307839
          50.491       0.00402723
          50.511       0.00431031
          50.531       0.00398361
          50.551        0.0032481
          50.571       0.00237855
          50.591        0.0016378
          50.611       0.00120014
          50.631       0.00110849
          50.651       0.00127609
          50.671       0.00153003
          50.691       0.00168067
          50.711       0.00159333
          50.731       0.00123841
          50.751      0.000702904
          50.771      0.000160971
          50.791     -0.000188058
          50.811     -0.000192683
          50.831      0.000190858
          50.851      0.000872659
          50.871       0.00164523
          50.891       0.00224217
          50.911       0.00241704
          50.931        0.0020219
          50.951       0.00105978
          50.971     -0.000305905
          50.991      -0.00178862
          51.011      -0.00305452
          51.031       -0.0038109
          51.051      -0.00388722
          51.071      -0.00328128
          51.091      -0.00215904
          51.111     -0.000808567
          51.131      0.000438109
          51.151       0.00129232
          51.171        0.0015805
          51.191       0.00128096
          51.211      0.000516783
          51.231     -0.000489438
          51.251      -0.00148477
          51.271      -0.00225683
          51.291      -0.00268596
          51.311      -0.00276462
          51.331      -0.00258275
          51.351      -0.00228423
          51.371      -0.00201267
          51.391      -0.00186346
          51.411      -0.00185698
          51.431      -0.00193937
          51.451      -0.00200866
          51.471      -0.00195507
          51.491      -0.00170133
          51.511      -0.00122936
          51.531     -0.000585481
          51.551      0.000136295
          51.571      0.000825482
          51.591       0.00138929
          51.611       0.00177855
          51.631       0.00199591
          51.651       0.00208688
          51.671       0.00211738
          51.691       0.00214782
          51.711       0.00221372
          51.731       0.00232022
          51.751       0.00245099
          51.771       0.00258783
          51.791       0.00273053
          51.811       0.00290792
          51.831       0.00317351
          51.851       0.00358485
          51.871       0.00417315
          51.891       0.00491495
          51.911       0.00571616
          51.931        0.0064198
          51.951       0.00683746
          51.971       0.00679849
          51.991       0.00620322
          52.011       0.00506351
          52.031       0.00351657
          52.051       0.00180299
          52.071      0.000216585
          52.091     -0.000967121
          52.111      -0.00156007
          52.131      -0.00151005
          52.151     -0.000913226
          52.171      1.42746e-05
          52.191      0.000995981
          52.211       0.00177447
          52.231       0.00218043
          52.251       0.00217609
          52.271       0.00185847
          52.291       0.00142177
          52.311       0.00109088
          52.331       0.00104611
          52.351       0.00136323
          52.371       0.00198612
          52.391       0.00274164
          52.411       0.00339165
          52.431       0.00370633
          52.451        0.0035359
          52.471       0.00285862
          52.491       0.00178913
          52.511      0.000546097
          52.531     -0.000613323
          52.551      -0.00147072
          52.571      -0.00191193
          52.591       -0.0019605
          52.611      -0.00176834
          52.631      -0.00156666
          52.651      -0.00159041
          52.671      -0.00200102
          52.691      -0.00282997
          52.711        -0.003961
          52.731      -0.00515722
          52.751      -0.00612536
          52.771      -0.00659997
          52.791       -0.0064203
          52.811       -0.0055814
          52.831       -0.0042414
          52.851      -0.00268415
          52.871      -0.00124732
          52.891     -0.000236067
          52.911      0.000153819
          52.931     -0.000116894
          52.951      -0.00092608
          52.971      -0.00202617
          52.991      -0.00311105
          53.011      -0.00389413
          53.031      -0.00417702
          53.051      -0.00389138
          53.071      -0.00310659
          53.091      -0.00200208
          53.111     -0.000816774
          53.131      0.000210084
          53.151      0.000890828
          53.171       0.00112216
          53.191      0.000893704
          53.211      0.000274107
          53.231     -0.000616806
          53.251      -0.00164055
          53.271      -0.00266737
          53.291      -0.00359296
          53.311      -0.00434351
          53.331      -0.00487186
          53.351      -0.00515035
          53.371      -0.00516535
          53.391      -0.00491592
          53.411      -0.00441767
          53.431      -0.00370804
          53.451      -0.00284941
          53.471       -0.0019261
          53.491      -0.00103609
          53.511     -0.000273293
          53.531      0.000288304
          53.551      0.000609412
          53.571      0.000692344
          53.591      0.000578534
          53.611      0.000337275
          53.631      4.86863e-05
          53.651     -0.000213541
          53.671      -0.00039595
          53.691     -0.000472226
          53.711      -0.00044275
          53.731     -0.000328542
          53.751     -0.000162892
          53.771      1.63942e-05
          53.791      0.000171944
          53.811      0.000269311
          53.831      0.000277846
          53.851      0.000173045
          53.871     -5.88627e-05
          53.891     -0.000413758
         53.9111     -0.000862631
          53.931      -0.00134722
         53.9511      -0.00178466
          53.971       -0.0020798
         53.9911      -0.00214648
          54.011      -0.00193233
         54.0311      -0.00143998
          54.051      -0.00073726
          54.071      5.01539e-05
         54.0911      0.000762621
          54.111       0.00124544
         54.1311        0.0013912
          54.151        0.0011744
         54.1711      0.000666857
          54.191      2.68859e-05
         54.2111     -0.000537041
         54.2311     -0.000821147
          54.251     -0.000683626
         54.2711     -9.03542e-05
          54.291      0.000867162
         54.3111       0.00198797
          54.331       0.00301027
         54.3511       0.00368071
         54.3711       0.00382488
         54.3911       0.00340258
         54.4111       0.00252586
         54.4311       0.00143753
         54.4511      0.000451837
         54.4711     -0.000127448
         54.4911     -8.99059e-05
         54.5111      0.000620429
         54.5311       0.00188287
         54.5511       0.00342379
         54.5711       0.00488121
         54.5911        0.0058934
         54.6111       0.00618858
         54.6311       0.00565195
         54.6511       0.00435322
         54.6711       0.00252608
         54.6911      0.000509843
         54.7111      -0.00133548
         54.7311      -0.00271442
         54.7511      -0.00346097
         54.7711      -0.00356696
         54.7911       -0.0031682
         54.8111      -0.00249618
         54.8311      -0.00180715
         54.8511      -0.00131259
         54.8711      -0.00112772
         54.8911      -0.00125122
         54.9111       -0.0015797
         54.9311      -0.00194989
         54.9511      -0.00219555
         54.9711      -0.00220051
         54.9911      -0.00193476
         55.0111      -0.00146299
         55.0311     -0.000925311
         55.0511     -0.000496719
         55.0711       -0.0003379
         55.0911     -0.000550997
         55.1111      -0.00115247
         55.1311      -0.00206843
         55.1511      -0.00315308
         55.1711      -0.00422334
         55.1911       -0.0051001
         55.2111      -0.00564537
         55.2311      -0.00578678
         55.2511      -0.00552548
         55.2711      -0.00492797
         55.2911      -0.00410525
         55.3111       -0.0031871
         55.3311      -0.00229709
         55.3511      -0.00153379
         55.3711     -0.000960176
         55.3911     -0.000600944
         55.4111     -0.000446892
         55.4311     -0.000461848
         55.4511     -0.000591354
         55.4711      -0.00077132
         55.4911     -0.000936115
         55.5111      -0.00102657
         55.5311     -0.000997831
         55.5511     -0.000826549
         55.5711      -0.00051618
         55.5911      -9.8844e-05
         55.6111      0.000367899
         55.6311      0.000809682
         55.6511       0.00114834
         55.6711       0.00131704
         55.6911       0.00127361
         55.7111       0.00100981
         55.7311      0.000552452
         55.7511     -4.28371e-05
         55.7711     -0.000704121
         55.7911      -0.00135869
         55.8111      -0.00194786
         55.8311      -0.00243562
         55.8511      -0.00281124
         55.8711      -0.00308388
         55.8911       -0.0032719
         55.9111      -0.00339072
         55.9311      -0.00344309
         55.9511      -0.00341545
         55.9711      -0.00328164
         55.9911      -0.00301309
         56.0111      -0.00259276
         56.0311      -0.00202823
         56.0511      -0.00135949
         56.0711     -0.000658539
         56.0911       -1.968e-05
         56.1111      0.000458127
         56.1311      0.000691745
         56.1511      0.000634911
         56.1711      0.000290728
         56.1911     -0.000285179
         56.2111     -0.000993322
         56.2311      -0.00170934
         56.2511      -0.00230979
         56.2711      -0.00269729
         56.2911      -0.00282135
         56.3111      -0.00268823
         56.3311      -0.00235747
         56.3511      -0.00192595
         56.3711      -0.00150253
         56.3911      -0.00117944
         56.4111      -0.00100759
         56.4311     -0.000981852
         56.4511      -0.00104131
         56.4711      -0.00108445
         56.4911     -0.000996991
         56.5111     -0.000685483
         56.5311      -0.00010822
         56.5511      0.000703887
         56.5711       0.00164605
         56.5911       0.00255606
         56.6111       0.00324876
         56.6311       0.00355991
         56.6511       0.00338915
         56.6711       0.00273092
         56.6911        0.0016834
         56.7111      0.000433594
         56.7311     -0.000781588
         56.7511      -0.00172851
         56.7711      -0.00223147
         56.7911        -0.002215
         56.8111      -0.00172234
         56.8311     -0.000904218
         56.8511      2.07733e-05
         56.8711      0.000822285
         56.8911       0.00131922
         56.9111       0.00142698
         56.9311       0.00117851
         56.9511      0.000712738
         56.9711      0.000232498
         56.9911     -5.56295e-05
         57.0111     -5.75489e-06
         57.0311      0.000420697
         57.0511       0.00113736
         57.0711       0.00195134
         57.0911       0.00261375
         57.1111       0.00288889
         57.1311       0.00262332
         57.1511       0.00179457
         57.1711      0.000526422
         57.1911     -0.000935855
         57.2111      -0.00228389
         57.2311      -0.00322307
         57.2511      -0.00354741
         57.2711      -0.00319204
         57.2911      -0.00224894
         57.3111     -0.000942804
         57.3311      0.000426926
         57.3511       0.00156119
         57.3711       0.00223288
         57.3911       0.00233606
         57.4111       0.00190023
         57.4311       0.00106923
         57.4511      5.02127e-05
         57.4711     -0.000947714
         57.4911      -0.00176811
         57.5111      -0.00233948
         57.5311      -0.00267699
         57.5511      -0.00285591
         57.5711      -0.00296806
         57.5911      -0.00307704
         57.6111      -0.00318872
         57.6311      -0.00324729
         57.6511      -0.00315863
         57.6711      -0.00283289
         57.6911      -0.00223162
         57.7111      -0.00140199
         57.7311     -0.000483676
         57.7511      0.000314788
         57.7711      0.000768622
         57.7911      0.000701903
         57.8111      4.62407e-05
         57.8311      -0.00112574
         57.8511      -0.00260555
         57.8711      -0.00409049
         57.8911      -0.00526086
         57.9111      -0.00586147
         57.9311      -0.00577252
         57.9511      -0.00504601
         57.9711      -0.00389646
         57.9911      -0.00264676
         58.0111      -0.00164174
         58.0311      -0.00115579
         58.0511      -0.00131523
         58.0711      -0.00206099
         58.0911      -0.00316118
         58.1111      -0.00427113
         58.1311      -0.00502578
         58.1511      -0.00513937
         58.1711      -0.00448589
         58.1911       -0.0031384
         58.2111       -0.0013568
         58.2311      0.000473944
         58.2511        0.0019385
         58.2711       0.00269499
         58.2912       0.00256088
         58.3111       0.00156046
         58.3312     -7.89933e-05
         58.3511      -0.00198017
         58.3712      -0.00370332
         58.3912      -0.00484755
         58.4111      -0.00514107
         58.4312      -0.00449983
         58.4511      -0.00304164
         58.4712       -0.0010564
         58.4911       0.00106034
         58.5112       0.00289255
         58.5311       0.00408785
         58.5511        0.0044226
         58.5712       0.00383561
         58.5911       0.00242657
         58.6112      0.000421058
         58.6311      -0.00188273
         58.6512      -0.00417782
         58.6711      -0.00620461
         58.6912      -0.00779052
         58.7112      -0.00886634
         58.7312      -0.00945924
         58.7512      -0.00966619
         58.7712       -0.0096181
         58.7912      -0.00944047
         58.8112      -0.00922267
         58.8312      -0.00900079
         58.8512      -0.00875735
         58.8712      -0.00843651
         58.8912      -0.00797064
         58.9112      -0.00731058
         58.9312      -0.00645161
         58.9512      -0.00544791
         58.9712      -0.00441105
         58.9912      -0.00349118
         59.0112      -0.00284538
         59.0312      -0.00259959
         59.0512      -0.00281414
         59.0712      -0.00346219
         59.0912      -0.00442727
         59.1112       -0.0055226
         59.1312       -0.0065286
         59.1512      -0.00724027
         59.1712      -0.00751147
         59.1912      -0.00728837
         59.2112      -0.00661744
         59.2312      -0.00562994
         59.2512      -0.00450457
         59.2712      -0.00341881
         59.2912      -0.00250247
         59.3112      -0.00180605
         59.3312      -0.00129547
         59.3512       -0.0008722
         59.3712     -0.000415495
         59.3912      0.000166917
         59.4112       0.00089504
         59.4312       0.00169467
         59.4512       0.00240573
         59.4712       0.00282101
         59.4912       0.00274633
         59.5112       0.00206448
         59.5312      0.000785503
         59.5512     -0.000934369
         59.5712      -0.00281323
         59.5912      -0.00450171
         59.6112      -0.00566221
         59.6312      -0.00605824
         59.6512       -0.0056172
         59.6712      -0.00445839
         59.6912      -0.00287259
         59.7112      -0.00125727
         59.7312     -2.28284e-05
         59.7512      0.000508079
         59.7712      0.000178912
         59.7912     -0.000960159
         59.8112      -0.00266394
         59.8312      -0.00455148
         59.8512      -0.00619819
         59.8712      -0.00723679
         59.8912      -0.00744203
         59.9112      -0.00677788
         59.9312      -0.00539701
         59.9512      -0.00359497
         59.9712      -0.00173227
